0.0
0.9633616209030151
0.9372764825820923
0.9204442203044891
1.4047971963882446
1.3705913722515106
1.3853825628757477
1.3545594811439514
1.3466246128082275
1.3542714715003967
1.3407000601291656
1.3530187010765076
1.3582887947559357
1.354108065366745
1.3555500507354736
1.353340208530426
1.3442964553833008
1.3535357415676117
1.349272608757019
1.8825000822544098
1.878204494714737
1.873040348291397
1.7931828498840332
1.8618854582309723
1.83021879196167
1.821521818637848
1.8165996670722961
1.810245394706726
1.804318219423294
1.8024734258651733
1.7975701689720154
1.800975501537323
1.8020546436309814
1.8021315336227417
1.796832025051117
1.7946893870830536
1.7900849878787994
1.7881515622138977
1.777571678161621
1.7755918204784393
1.7392044365406036
1.7378454208374023
1.7324665188789368
1.7320649027824402
1.7496881484985352
1.7533193528652191
1.7531288862228394
1.75197634100914
1.7518501281738281
1.7418229579925537
1.7446814477443695
1.7425709962844849
1.738855093717575
1.7487901151180267
1.7503255009651184
1.7544975280761719
1.8171450793743134
1.8220422565937042
1.8033254742622375
1.8119321465492249
1.8140416145324707
1.8144229650497437
1.8161738216876984
1.816263496875763
1.8025488257408142
1.8034512102603912
1.781236320734024
1.7808728218078613
1.7823871076107025
1.7825957834720612
1.7823975384235382
1.7834451794624329
1.784011334180832
1.783700853586197
1.7831972241401672
1.8002797961235046
1.8007489740848541
1.800017774105072
1.8002473413944244
1.7837698459625244
1.7995322048664093
1.79983589053154
1.8003570139408112
1.800148606300354
2.387799710035324
2.3876102566719055
2.3874785006046295
2.38642618060112
2.386031895875931
2.385926455259323
2.3818675875663757
2.38040491938591
2.3795706629753113
2.379307270050049
2.377668470144272
2.377147287130356
2.376208782196045
2.375823050737381
2.373908966779709
2.373874217271805
2.373714506626129
2.3734026551246643
2.372980833053589
2.3712486028671265
2.370850592851639
2.383386015892029
2.3825051188468933
2.3826242983341217
2.381178915500641
2.3807162940502167
2.3810203671455383
2.3872858583927155
2.3866401612758636
2.386063367128372
2.3858455419540405
2.3876548409461975
2.387079119682312
2.385234147310257
2.3849872946739197
2.382666051387787
2.382022589445114
2.3604027032852173
2.3596160113811493
2.355728328227997
2.3548269271850586
2.353689968585968
2.3530309200286865
2.351881980895996
2.352890968322754
2.3519877195358276
2.351172983646393
2.349492698907852
2.34890678524971
2.3475952744483948
2.354895383119583
2.353494942188263
2.35289067029953
2.3498535454273224
2.3495254516601562
2.3469869196414948
2.346822500228882
2.339407444000244
2.3393935561180115
2.3387098610401154
2.3383352756500244
2.335506170988083
2.3357339799404144
2.335377037525177
2.3681681156158447
2.367714613676071
2.3688354194164276
2.3694367706775665
2.3693859577178955
2.370247572660446
2.3687775433063507
2.368022859096527
2.3687566816806793
2.368031233549118
2.37376469373703
2.3735876977443695
2.376457393169403
2.375593841075897
2.3748430609703064
2.374100834131241
2.3729557394981384
2.373095780611038
2.3726083636283875
2.3721430897712708
2.3700074553489685
2.3697723746299744
2.3693715035915375
2.3688964545726776
2.368341475725174
2.353682219982147
2.353264570236206
2.3512423634529114
2.351074665784836
2.350312501192093
2.349794089794159
2.3490943610668182
2.348837912082672
2.348753958940506
2.3475373089313507
2.346930593252182
2.307620018720627
2.307314395904541
2.3069768249988556
2.305351436138153
2.304392695426941
2.304480791091919
2.3310801088809967
2.3310196101665497
2.3291244506835938
2.329153001308441
2.3284673988819122
2.327164649963379
2.326919198036194
2.285905122756958
2.2855213284492493
2.284568130970001
2.282863736152649
2.2826260924339294
2.2849895656108856
2.2857765555381775
2.2866533994674683
2.2841201722621918
2.2879532873630524
2.2844847440719604
2.2768224477767944
2.2803781628608704
2.264112114906311
2.2639355957508087
2.2643944919109344
2.264711856842041
2.2619622945785522
2.261609971523285
2.261379361152649
2.2609084844589233
2.260483205318451
2.26625993847847
2.2657477855682373
2.2654161751270294
2.249541401863098
2.249525010585785
2.2524400651454926
2.2523390650749207
2.253591775894165
2.790894240140915
2.7905453741550446
2.7913129925727844
2.7924128770828247
2.792591542005539
2.226218581199646
2.226276844739914
2.227311283349991
2.7698334455490112
2.769593298435211
2.7693660855293274
2.768757551908493
2.7686330378055573
2.768149584531784
2.76785084605217
2.7683031857013702
2.7627298831939697
2.7645266950130463
2.764101028442383
2.2367247343063354
2.236663043498993
2.2377589643001556
2.240322917699814
2.280223459005356
2.2631850242614746
2.268027812242508
2.271581768989563
2.272751063108444
2.273719161748886
2.2740383446216583
2.273006319999695
2.2730106115341187
2.27324515581131
2.2574356496334076
2.258289635181427
2.257769465446472
2.2572584748268127
2.2562131881713867
2.257147639989853
2.2570771276950836
2.2561700344085693
2.2788740694522858
2.279593825340271
2.279864877462387
2.2825350761413574
2.28261598944664
2.2833071649074554
2.2838534116744995
2.2838388681411743
2.2669529616832733
2.2669878005981445
2.267590433359146
2.267313301563263
2.2673595547676086
2.2673357725143433
2.268385410308838
2.268285781145096
2.267827719449997
2.267568141222
2.2673280239105225
2.2666996717453003
2.266363948583603
2.2661875784397125
2.266248434782028
2.2657952904701233
2.265909343957901
2.266044110059738
2.268057733774185
2.268117845058441
2.2666141986846924
2.2671861946582794
2.2669622004032135
2.244755059480667
2.244677245616913
2.2447702288627625
2.244802415370941
2.244663119316101
2.2445017099380493
2.2443060278892517
2.2440419793128967
2.2439421713352203
2.8455158472061157
2.921952933073044
2.9217545986175537
2.923391193151474
2.9231342673301697
2.9228579103946686
2.922943741083145
2.922765851020813
2.922573149204254
2.850159078836441
2.849946528673172
2.849937826395035
2.8497718572616577
2.249159425497055
2.2489042580127716
2.248757690191269
2.24844554066658
2.248039871454239
2.9033038914203644
2.903029143810272
2.902753323316574
2.901579827070236
2.9015016853809357
2.9013462960720062
2.9011748135089874
2.900795042514801
2.8567901849746704
2.85629603266716
2.855941027402878
2.85572212934494
2.8557619154453278
2.855437934398651
2.8548004925251007
2.8545344173908234
2.854336738586426
2.8540544509887695
2.8998338878154755
2.8995001912117004
2.89913472533226
2.8985666930675507
2.898226112127304
2.8976371586322784
2.8942058980464935
2.8939396142959595
2.893639087677002
2.8928262889385223
2.8925620913505554
2.8924263417720795
2.892156660556793
2.8917085230350494
2.8427756130695343
2.8423948884010315
2.8421493470668793
2.8420196175575256
2.8418045341968536
2.8415689766407013
2.84112948179245
2.8407287299633026
2.8404183089733124
2.83930966258049
2.839070349931717
2.8389828205108643
2.8388903439044952
2.7593653202056885
2.88601753115654
2.8856113255023956
2.885402947664261
2.885203927755356
2.8853351175785065
2.885273903608322
2.8876655995845795
2.8872957825660706
2.887106239795685
2.8868789672851562
2.8865667283535004
2.8861664831638336
2.8858105540275574
2.884576588869095
2.8843833804130554
2.8842538595199585
2.884268641471863
2.884016752243042
2.882537543773651
2.882476657629013
2.8820724487304688
2.881851404905319
2.8817915618419647
2.8816211819648743
2.881821721792221
2.8813104331493378
2.8811633586883545
2.8811633586883545
2.8811633586883545
2.8811633586883545
2.8811633586883545
2.8811633586883545
2.8811633586883545
2.8811633586883545
2.8811633586883545
2.8811633586883545
2.8811633586883545
2.8811633586883545
2.879336357116699
2.879189610481262
2.879292756319046
2.879292756319046
2.879292756319046
2.879292756319046
2.8792834281921387
2.8791838586330414
2.8791516721248627
2.8789791762828827
2.878868520259857
2.8777201771736145
2.87732195854187
2.877296805381775
2.877142608165741
2.748918265104294
2.748561292886734
2.7485495507717133
2.745620220899582
2.8728225231170654
2.8726880252361298
2.873054325580597
2.8729410767555237
2.7449114620685577
2.7447795271873474
2.872313529253006
2.872868627309799
2.8726781010627747
2.878335028886795
2.8710555732250214
2.870934247970581
2.8708268105983734
2.870767056941986
2.870844751596451
2.8707260191440582
2.8706211745738983
2.8706579208374023
2.8706579208374023
2.870551109313965
2.870255559682846
2.870216131210327
2.8700568675994873
2.869776964187622
2.8695254921913147
2.8695147335529327
2.869279831647873
2.8692821264266968
2.739243984222412
2.8761475682258606
2.8088978826999664
2.8087832927703857
2.8087242543697357
2.8088224828243256
2.8086198568344116
2.808588594198227
2.8084016144275665
2.808381110429764
2.8083192110061646
2.8081694841384888
2.808020740747452
2.8079579770565033
2.8073090612888336
2.807168275117874
2.8071390092372894
2.8069516718387604
2.80689013004303
2.792087823152542
2.7921369075775146
2.7920979857444763
2.7918886244297028
2.791852205991745
2.79180970788002
2.791665554046631
2.7441354990005493
2.7912738919258118
2.743647873401642
2.7435092628002167
2.743539482355118
2.7434576749801636
2.7434223294258118
2.7434870898723602
2.7433772683143616
2.7429764568805695
2.7427558600902557
2.7425948679447174
2.742621064186096
2.74250128865242
2.7424455881118774
2.7490959465503693
2.7489962577819824
