0.0
0.9633616209030151
0.9372764825820923
0.9204442203044891
1.4047971963882446
1.3705913722515106
1.3853825628757477
1.3545594811439514
1.3466246128082275
1.3542714715003967
1.3407000601291656
1.3530187010765076
1.3582887947559357
1.354108065366745
1.3555500507354736
1.353340208530426
1.3442964553833008
1.3535357415676117
1.349272608757019
1.8825000822544098
1.878204494714737
1.873040348291397
1.7931828498840332
1.8618854582309723
1.83021879196167
1.821521818637848
1.8165996670722961
1.810245394706726
1.804318219423294
1.8024734258651733
1.7975701689720154
1.800975501537323
1.8020546436309814
1.8021315336227417
1.796832025051117
1.7946893870830536
1.7900849878787994
1.7881515622138977
1.777571678161621
1.7755918204784393
1.7392044365406036
1.7378454208374023
1.7324665188789368
1.7320649027824402
1.7496881484985352
1.7533193528652191
1.7531288862228394
1.75197634100914
1.7518501281738281
1.7418229579925537
1.7446814477443695
1.7425709962844849
1.738855093717575
1.7487901151180267
1.7503255009651184
1.7544975280761719
1.8171450793743134
1.8220422565937042
1.8033254742622375
1.8119321465492249
1.8140416145324707
1.8144229650497437
1.8161738216876984
1.816263496875763
1.8025488257408142
1.8034512102603912
1.781236320734024
1.7808728218078613
1.7823871076107025
1.7825957834720612
1.7823975384235382
1.7834451794624329
1.784011334180832
1.783700853586197
1.7831972241401672
1.8002797961235046
1.8007489740848541
1.800017774105072
1.8002473413944244
1.7837698459625244
1.7995322048664093
1.79983589053154
1.8003570139408112
1.800148606300354
2.387799710035324
2.3876102566719055
2.3874785006046295
2.38642618060112
2.386031895875931
2.385926455259323
2.3818675875663757
2.38040491938591
2.3795706629753113
2.379307270050049
2.377668470144272
2.377147287130356
2.376208782196045
2.375823050737381
2.373908966779709
2.373874217271805
2.373714506626129
2.3734026551246643
2.372980833053589
2.3712486028671265
2.370850592851639
2.383386015892029
2.3825051188468933
2.3826242983341217
2.381178915500641
2.3807162940502167
2.3810203671455383
2.3872858583927155
2.3866401612758636
2.386063367128372
2.3858455419540405
2.3876548409461975
2.387079119682312
2.385234147310257
2.3849872946739197
2.382666051387787
2.382022589445114
2.3604027032852173
2.3596160113811493
2.355728328227997
2.3548269271850586
2.353689968585968
2.3530309200286865
2.351881980895996
2.352890968322754
2.3519877195358276
2.351172983646393
2.349492698907852
2.34890678524971
2.3475952744483948
2.354895383119583
2.353494942188263
2.35289067029953
2.3498535454273224
2.3495254516601562
2.3469869196414948
2.346822500228882
2.339407444000244
2.3393935561180115
2.3387098610401154
2.3383352756500244
2.335506170988083
2.3357339799404144
2.335377037525177
2.3681681156158447
2.367714613676071
2.3688354194164276
2.3694367706775665
2.3693859577178955
2.370247572660446
2.3687775433063507
2.368022859096527
2.3687566816806793
2.368031233549118
2.37376469373703
2.3735876977443695
2.376457393169403
2.375593841075897
2.3748430609703064
2.374100834131241
2.3729557394981384
2.373095780611038
2.3726083636283875
2.3721430897712708
2.3700074553489685
2.3697723746299744
2.3693715035915375
2.3688964545726776
2.368341475725174
2.353682219982147
2.353264570236206
2.3512423634529114
2.351074665784836
2.350312501192093
2.349794089794159
2.3490943610668182
2.348837912082672
2.348753958940506
2.3475373089313507
2.346930593252182
2.307620018720627
2.307314395904541
2.3069768249988556
2.305351436138153
2.304392695426941
2.304480791091919
2.3310801088809967
2.3310196101665497
2.3291244506835938
2.329153001308441
2.3284673988819122
2.327164649963379
2.326919198036194
2.285905122756958
2.2855213284492493
2.284568130970001
2.282863736152649
2.2826260924339294
2.2849895656108856
2.2857765555381775
2.2866533994674683
2.2841201722621918
2.2879532873630524
2.2844847440719604
2.2768224477767944
2.2803781628608704
2.264112114906311
2.2639355957508087
2.2643944919109344
2.264711856842041
2.2619622945785522
2.261609971523285
2.261379361152649
2.2609084844589233
2.260483205318451
2.26625993847847
2.2657477855682373
2.2654161751270294
2.249541401863098
2.249525010585785
2.2524400651454926
2.2523390650749207
2.253591775894165
2.790894240140915
2.7905453741550446
2.7913129925727844
2.7924128770828247
2.792591542005539
2.226218581199646
2.226276844739914
2.227311283349991
2.7698334455490112
2.769593298435211
2.7693660855293274
2.768757551908493
2.7686330378055573
2.768149584531784
2.76785084605217
2.7683031857013702
2.7627298831939697
2.7645266950130463
2.764101028442383
2.2367247343063354
2.236663043498993
2.2377589643001556
2.240322917699814
2.280223459005356
2.2631850242614746
2.268027812242508
2.271581768989563
2.272751063108444
2.273719161748886
2.2740383446216583
2.273006319999695
2.2730106115341187
2.27324515581131
2.2574356496334076
2.258289635181427
2.257769465446472
2.2572584748268127
2.2562131881713867
2.257147639989853
2.2570771276950836
2.2561700344085693
2.2788740694522858
2.279593825340271
2.279864877462387
2.2825350761413574
2.28261598944664
2.2833071649074554
2.2838534116744995
2.2838388681411743
2.2669529616832733
2.2669878005981445
2.267590433359146
2.267313301563263
2.2673595547676086
2.2673357725143433
2.268385410308838
2.268285781145096
2.267827719449997
2.267568141222
2.2673280239105225
2.2666996717453003
2.266363948583603
2.2661875784397125
2.266248434782028
2.2657952904701233
2.265909343957901
2.266044110059738
2.268057733774185
2.268117845058441
2.2666141986846924
2.2671861946582794
2.2669622004032135
2.244755059480667
2.244677245616913
2.2447702288627625
2.244802415370941
2.244663119316101
2.2445017099380493
2.2443060278892517
2.2440419793128967
2.2439421713352203
2.8455158472061157
2.921952933073044
2.9217545986175537
2.923391193151474
2.9231342673301697
2.9228579103946686
2.922943741083145
2.922765851020813
2.922573149204254
2.850159078836441
2.849946528673172
2.849937826395035
2.8497718572616577
2.249159425497055
2.2489042580127716
2.248757690191269
2.24844554066658
2.248039871454239
2.9033038914203644
2.903029143810272
2.902753323316574
2.901579827070236
2.9015016853809357
2.9013462960720062
2.9011748135089874
2.900795042514801
2.8567901849746704
2.85629603266716
2.855941027402878
2.85572212934494
2.8557619154453278
2.855437934398651
2.8548004925251007
2.8545344173908234
2.854336738586426
2.8540544509887695
2.8998338878154755
2.8995001912117004
2.89913472533226
2.8985666930675507
2.898226112127304
2.8976371586322784
2.8942058980464935
2.8939396142959595
2.893639087677002
2.8928262889385223
2.8925620913505554
2.8924263417720795
2.892156660556793
2.8917085230350494
2.8427756130695343
2.8423948884010315
2.8421493470668793
2.8420196175575256
2.8418045341968536
2.8415689766407013
2.84112948179245
2.8407287299633026
2.8404183089733124
2.83930966258049
2.839070349931717
2.8389828205108643
2.8388903439044952
2.7593653202056885
2.88601753115654
2.8856113255023956
2.885402947664261
2.885203927755356
2.8853351175785065
2.885273903608322
2.8876655995845795
2.8872957825660706
2.887106239795685
2.8868789672851562
2.8865667283535004
2.8861664831638336
2.8858105540275574
2.884576588869095
2.8843833804130554
2.8842538595199585
2.884268641471863
2.884016752243042
2.882537543773651
2.882476657629013
2.8820724487304688
2.881851404905319
2.8817915618419647
2.8816211819648743
2.881821721792221
2.8813104331493378
2.8811633586883545
2.8811633586883545
2.8811633586883545
2.8811633586883545
2.8811633586883545
2.8811633586883545
2.8811633586883545
2.8811633586883545
2.8811633586883545
2.8811633586883545
2.8811633586883545
2.8811633586883545
2.879336357116699
2.879189610481262
2.879292756319046
2.879292756319046
2.879292756319046
2.879292756319046
2.8792834281921387
2.8791838586330414
2.8791516721248627
2.8789791762828827
2.878868520259857
2.8777201771736145
2.87732195854187
2.877296805381775
2.877142608165741
2.748918265104294
2.748561292886734
2.7485495507717133
2.745620220899582
2.8728225231170654
2.8726880252361298
2.873054325580597
2.8729410767555237
2.7449114620685577
2.7447795271873474
2.872313529253006
2.872868627309799
2.8726781010627747
2.878335028886795
2.8710555732250214
2.870934247970581
2.8708268105983734
2.870767056941986
2.870844751596451
2.8707260191440582
2.8706211745738983
2.8706579208374023
2.8706579208374023
2.870551109313965
2.870255559682846
2.870216131210327
2.8700568675994873
2.869776964187622
2.8695254921913147
2.8695147335529327
2.869279831647873
2.8692821264266968
2.739243984222412
2.8761475682258606
2.8088978826999664
2.8087832927703857
2.8087242543697357
2.8088224828243256
2.8086198568344116
2.808588594198227
2.8084016144275665
2.808381110429764
2.8083192110061646
2.8081694841384888
2.808020740747452
2.8079579770565033
2.8073090612888336
2.807168275117874
2.8071390092372894
2.8069516718387604
2.80689013004303
2.792087823152542
2.7921369075775146
2.7920979857444763
2.7918886244297028
2.791852205991745
2.79180970788002
2.791665554046631
2.7441354990005493
2.7912738919258118
2.743647873401642
2.7435092628002167
2.743539482355118
2.7434576749801636
2.7434223294258118
2.7434870898723602
2.7433772683143616
2.7429764568805695
2.7427558600902557
2.7425948679447174
2.742621064186096
2.74250128865242
2.7424455881118774
2.7490959465503693
2.7489962577819824
2.748812973499298
2.7487786412239075
2.7485713064670563
2.7484384179115295
2.7484081983566284
2.748409003019333
2.748443454504013
2.7481656670570374
2.747991621494293
2.7478204667568207
2.747643083333969
2.7493406236171722
2.7488991618156433
2.7488991618156433
2.7488991618156433
2.7488991618156433
2.7488991618156433
2.7488236725330353
2.7488410472869873
2.748580753803253
2.7485209107398987
2.747993677854538
2.746737688779831
2.746564507484436
2.74642813205719
2.746236503124237
2.745753437280655
2.7470494508743286
2.7467378079891205
2.7466652393341064
2.7466334402561188
2.7469179034233093
2.7429847717285156
2.7429391741752625
2.742952674627304
2.74235600233078
2.742292881011963
2.742095708847046
2.741972118616104
2.741946280002594
2.835550844669342
2.739694118499756
2.7395861744880676
2.834535151720047
2.8344620168209076
2.739349067211151
2.7392765879631042
2.7385878562927246
2.7389911711215973
2.739014685153961
2.740408331155777
2.740236848592758
2.7401680946350098
2.7401729226112366
2.7401679158210754
2.7401722967624664
2.7401523292064667
2.740155428647995
2.7400031685829163
2.7401960492134094
2.7492639422416687
2.749090313911438
2.749041348695755
2.752239555120468
2.7521477043628693
2.7517239153385162
2.751715451478958
2.751544952392578
2.7515376806259155
2.751421183347702
2.7510636150836945
2.7509327232837677
2.751052111387253
2.7509481608867645
2.7499869763851166
2.749779850244522
2.7496552169322968
2.749962717294693
2.747485101222992
2.7471339106559753
2.74706894159317
2.7471519112586975
2.7472121715545654
2.747133046388626
2.7469774186611176
2.7464206218719482
2.7466289699077606
2.7471649646759033
2.7472348511219025
2.746550142765045
2.7465431094169617
2.746300458908081
2.7475365102291107
2.747039347887039
2.7469109892845154
2.7432481348514557
2.743190735578537
2.743126928806305
2.743471175432205
2.743229478597641
2.7430364787578583
2.7430059015750885
2.7429333925247192
2.742727816104889
2.7426444590091705
2.7423840761184692
2.74229833483696
2.7422218918800354
2.7421393394470215
2.742411196231842
2.7423538863658905
2.742032915353775
2.7419492602348328
2.7419414818286896
2.7418778240680695
2.7417425215244293
2.741594582796097
2.74152272939682
2.7404334247112274
2.7404061555862427
2.74044132232666
2.7401749193668365
2.740089476108551
2.7400130331516266
2.739674061536789
2.739347994327545
2.7393490076065063
2.739215761423111
2.7390158772468567
2.7389751970767975
2.738915354013443
2.738922119140625
2.7380798757076263
2.73798406124115
2.7379052937030792
2.7377253770828247
2.7376330494880676
2.7376902401447296
2.7374680042266846
2.737462341785431
2.737433582544327
2.737088829278946
2.7371807396411896
2.7371283173561096
2.7369485199451447
2.7368690967559814
2.7365024983882904
2.7364718317985535
2.736374318599701
2.7362667620182037
2.7361005544662476
2.7360335886478424
2.7338660657405853
2.7338267862796783
2.733833223581314
2.732744425535202
2.7327161133289337
2.7325016260147095
2.7325016260147095
2.73246967792511
2.73242524266243
2.732987731695175
2.7325993478298187
2.7324986457824707
2.7324198186397552
2.73227259516716
2.7322604954242706
2.732181578874588
2.73198664188385
2.7319580018520355
2.730216085910797
2.730192542076111
2.730480879545212
2.730417490005493
2.7303830683231354
2.730718433856964
2.7310488522052765
2.7293135225772858
2.7293026447296143
2.729180097579956
2.729164808988571
2.7286879420280457
2.728654682636261
2.7285683155059814
2.728499710559845
2.728369265794754
2.728304237127304
2.719234585762024
2.719207316637039
2.7189013361930847
2.718816787004471
2.718528538942337
2.718454897403717
2.7184771299362183
2.718336522579193
2.7185127437114716
2.7190039455890656
2.7189414501190186
2.7187508642673492
2.7186741828918457
2.718758225440979
2.7187209129333496
2.7185159027576447
2.7183648347854614
2.7181232273578644
2.7181858122348785
2.7183817923069
2.7183775305747986
2.718104124069214
2.717991888523102
2.7179894149303436
2.7179894149303436
2.7179323732852936
2.717917561531067
2.7179063856601715
2.7178568840026855
2.7172756493091583
2.717233896255493
2.7202601432800293
2.7201594710350037
2.720251053571701
2.7202033698558807
2.720133990049362
2.719811052083969
2.7200446128845215
2.7015658915042877
2.7015340924263
2.701291412115097
2.7012356221675873
2.7012356221675873
2.7012356221675873
2.7011793851852417
2.7179059088230133
2.7178867161273956
2.7176797091960907
2.71748223900795
2.717463195323944
2.717401444911957
2.717322915792465
2.717336982488632
2.717309892177582
2.717300295829773
2.7172152400016785
2.6992192566394806
2.699152171611786
2.6990520358085632
2.698947936296463
2.6988900899887085
2.6986905336380005
2.698649972677231
2.698435753583908
2.6982011795043945
2.697979986667633
2.697877287864685
2.697814494371414
2.7193648517131805
2.7193378806114197
2.7191812694072723
2.7191606760025024
2.7190863490104675
2.71909299492836
2.7188004553318024
2.7186837196350098
2.718891352415085
3.3233473002910614
3.3233043253421783
2.718369573354721
2.718336522579193
2.718198537826538
2.7181848883628845
2.7368589639663696
2.7368019819259644
2.7367812991142273
2.736911565065384
2.736837476491928
2.7366080582141876
3.3439976572990417
3.337030529975891
3.3367998003959656
3.336915761232376
2.7428884506225586
2.7324514985084534
2.7319722175598145
2.7318088710308075
2.731799930334091
2.7318224608898163
2.731563448905945
2.731496751308441
2.7314561307430267
2.731467127799988
2.7313701510429382
2.7314964532852173
2.731446325778961
2.7313005328178406
2.7312356531620026
2.7312547266483307
2.731107711791992
2.730880081653595
3.323657512664795
3.32387512922287
3.3238725662231445
3.323731243610382
3.323894888162613
3.3239057064056396
3.3229311406612396
3.321301430463791
3.322083681821823
3.3220761716365814
3.321614980697632
3.3214392364025116
3.3214696049690247
2.7320245504379272
2.731864184141159
2.7319157123565674
2.732579678297043
2.732595682144165
2.73258700966835
2.7323663532733917
2.7319589853286743
2.723832219839096
2.7238751351833344
2.7237089574337006
2.723684012889862
2.7234137058258057
2.723279654979706
2.723210096359253
2.722984105348587
2.722954511642456
2.7229434847831726
2.7231796979904175
2.7228655219078064
2.7227984070777893
2.722631722688675
2.722688615322113
2.722512871026993
3.3003866374492645
3.3003498911857605
3.300390660762787
3.30026912689209
3.3001216650009155
3.3001535832881927
3.299766927957535
3.301934242248535
3.301541715860367
3.3015480041503906
3.2955384254455566
3.2954163551330566
3.2954204082489014
3.295435458421707
3.295205771923065
3.2950423657894135
3.2948785722255707
3.294829487800598
3.3511158525943756
3.2947089076042175
3.294688642024994
3.2958648800849915
3.2670012712478638
3.266939103603363
3.267013043165207
3.266906648874283
3.266705721616745
3.2667557299137115
3.2665929198265076
3.266703575849533
3.266666352748871
3.2675246000289917
3.267703056335449
3.274771124124527
3.2749652564525604
3.275079220533371
3.2750227749347687
3.2750579714775085
3.274077534675598
3.274927645921707
3.2748003005981445
3.275192052125931
3.2743140757083893
3.274275988340378
3.2751036286354065
3.275091290473938
3.2750952541828156
3.2744097113609314
3.273592621088028
3.273747682571411
3.274069368839264
3.274131327867508
3.2742590606212616
3.274138569831848
3.274254411458969
3.274396002292633
3.274366080760956
3.2702333629131317
3.2701160609722137
3.2703388035297394
3.270538628101349
3.270086646080017
3.352222442626953
3.352354049682617
3.3526069819927216
3.3526920676231384
3.3525862991809845
3.3525084257125854
3.3526788353919983
3.3528025448322296
3.354145497083664
3.3527767956256866
3.3522684276103973
3.352460265159607
3.351802408695221
3.352800101041794
3.372338145971298
3.3722314834594727
3.3723296225070953
3.372434616088867
3.372631847858429
3.372536540031433
3.372679203748703
3.3729238510131836
3.373095363378525
3.373211830854416
3.373354822397232
3.3734652400016785
3.3735950589179993
3.3713278472423553
3.3721257746219635
3.3721129298210144
3.3722538352012634
3.372647702693939
3.3723450303077698
3.3724417090415955
3.372389405965805
3.3723364770412445
3.3723993003368378
3.372084379196167
3.3732486367225647
3.3485308587551117
3.3486057221889496
3.348710685968399
3.3488329350948334
3.348448306322098
3.348517745733261
3.3484765589237213
3.348605304956436
3.348665863275528
3.3488689959049225
2.72553288936615
2.7262670695781708
2.7261073887348175
2.7261789739131927
2.7262141406536102
2.7288638055324554
2.7289291322231293
2.728988826274872
2.7291285693645477
2.729110062122345
2.728448987007141
2.7284843027591705
2.7284272015094757
2.728514313697815
2.728607565164566
2.7286374866962433
2.728808432817459
2.7287419736385345
2.729020267724991
2.7288937866687775
2.7289110124111176
2.729035049676895
2.729214757680893
2.726875275373459
2.7268674075603485
2.7268620133399963
2.727144241333008
2.727163255214691
2.7270862758159637
2.7271631360054016
2.7272708415985107
2.7271392345428467
2.727272093296051
2.7273334860801697
2.727470725774765
2.727423518896103
2.727538377046585
2.7276448905467987
2.727718561887741
2.7277307510375977
2.727692276239395
2.727743625640869
2.727809488773346
2.7284333407878876
2.7285038232803345
2.7285137474536896
2.7288057804107666
2.728888362646103
2.729068547487259
2.7293915450572968
2.7294413447380066
2.72920224070549
2.7290186285972595
2.72885400056839
2.7289616763591766
2.7290130257606506
2.729200065135956
2.7292641699314117
2.7292874455451965
2.7284058332443237
2.7283230423927307
2.727963149547577
2.7280509769916534
2.7275708317756653
2.7276418805122375
2.727479577064514
2.7275478541851044
2.7274696826934814
2.727763533592224
2.7275045812129974
2.7275440096855164
2.7275765538215637
2.726321816444397
2.726197123527527
2.7261002957820892
2.7260784804821014
2.7261346578598022
2.726302921772003
2.725430130958557
2.7252155542373657
2.7252622544765472
2.725273936986923
2.72511488199234
2.7254579961299896
2.725291758775711
2.7252696752548218
2.7191954255104065
2.7190101146698
2.7187652587890625
2.718728482723236
2.718640059232712
2.718525677919388
2.7181057929992676
2.71801695227623
2.717992663383484
2.718169778585434
2.718073844909668
2.717866688966751
2.7180275321006775
2.7200153172016144
2.7199747264385223
2.719778835773468
2.7199083864688873
2.7218273878097534
2.722261816263199
2.7223196029663086
2.7221944630146027
2.721277177333832
2.7214188873767853
2.721430003643036
2.720837563276291
2.7207605242729187
2.720914900302887
2.7213989794254303
2.721480816602707
2.7212576270103455
2.721209228038788
2.72117418050766
2.7215717136859894
2.7195824682712555
2.719342738389969
2.719329386949539
2.7191427052021027
2.7189211547374725
2.7188200652599335
2.718516856431961
2.7182579040527344
2.7180730998516083
2.7179581224918365
2.716070592403412
2.716042160987854
2.7159477174282074
2.7157672941684723
2.7158716022968292
2.715417832136154
2.7152909338474274
2.7152029871940613
2.7149199545383453
2.7147587835788727
2.7145191729068756
2.7145251035690308
2.7145806550979614
2.7132308185100555
2.7131864428520203
2.7132399678230286
2.7129481732845306
2.712810695171356
2.712823212146759
2.712788313627243
2.712705820798874
2.7127407789230347
2.712631493806839
2.7123423516750336
2.712219387292862
2.712146580219269
2.711976647377014
2.711920917034149
2.71173632144928
2.711705058813095
2.7116814255714417
2.7116294503211975
2.710485428571701
2.7104286551475525
2.710327982902527
2.7103309333324432
2.710191011428833
2.710049659013748
2.7098949253559113
2.709788739681244
2.7097049355506897
2.7096700370311737
2.709574341773987
2.7093665599823
2.7092981934547424
2.709406554698944
2.7082127034664154
2.708092302083969
2.7079805433750153
2.7079198360443115
2.7079300582408905
2.7078676223754883
2.707716226577759
2.7075715363025665
2.7071997821331024
2.7071216106414795
2.707089513540268
2.7070453464984894
2.70690980553627
2.7065792083740234
2.7064977884292603
2.706012099981308
2.705980360507965
2.705908328294754
3.28758305311203
3.287442773580551
3.2869475185871124
3.2867891788482666
3.286705493927002
3.2866291105747223
3.286436825990677
3.286284327507019
3.2862431406974792
3.2861512303352356
3.28609961271286
3.2857649326324463
3.2856505811214447
3.2854782938957214
3.2853732109069824
3.285342276096344
3.285217583179474
3.284819573163986
3.2848413288593292
3.2846871316432953
3.284989446401596
3.2849289774894714
3.284882813692093
3.2855769395828247
3.2853267192840576
3.2852293848991394
3.2850567996501923
3.2850463688373566
3.284983605146408
3.285005033016205
3.284905642271042
3.284812867641449
3.284753441810608
3.283345550298691
3.2832722663879395
3.2831400632858276
3.2830906808376312
3.2831033170223236
3.2829422056674957
3.2828340232372284
3.28285613656044
3.2827691435813904
3.2822170853614807
3.2821086943149567
3.2820296585559845
3.2819676399230957
3.2818438708782196
3.281783849000931
3.2817842960357666
3.30234232544899
3.3023734092712402
3.301853686571121
3.301762282848358
3.3014004230499268
3.301342934370041
3.301293283700943
3.3012067079544067
3.301122933626175
3.3010632693767548
3.300846040248871
3.3007203340530396
3.3006497621536255
3.300494372844696
3.2992488145828247
3.299196779727936
3.2991138100624084
3.2990733981132507
3.2990373075008392
3.2988809943199158
3.2987883388996124
3.2987529933452606
3.2984694838523865
3.298427402973175
3.2983680367469788
3.2983277440071106
3.2981268167495728
3.2980340719223022
3.2969748973846436
3.296860098838806
3.2964980602264404
3.2964025735855103
3.2963602542877197
3.2963516116142273
3.2962511777877808
3.296184092760086
3.2959171533584595
3.295895040035248
3.295481652021408
3.2954722344875336
3.295381337404251
3.2954012751579285
3.294140875339508
3.2941779494285583
3.2940638959407806
3.2947395145893097
3.294595628976822
3.2944131195545197
3.2944450676441193
3.294404000043869
3.2929659485816956
3.2929339706897736
3.2928596436977386
3.292876422405243
3.292742908000946
3.2927463948726654
3.2926161885261536
3.2924154698848724
3.2923310101032257
3.292184978723526
3.29206719994545
3.292067438364029
3.291905850172043
3.2917895019054413
3.2918009161949158
3.2937422394752502
3.2936589419841766
3.2935845255851746
3.290510892868042
3.2904329895973206
3.290408432483673
3.2904376089572906
3.2904233932495117
3.290055751800537
3.2899555265903473
3.2899372577667236
3.2898527085781097
3.289693385362625
3.289707839488983
3.2899318635463715
3.2898466289043427
3.2898414731025696
3.2898834943771362
3.2898686230182648
3.2898389995098114
3.2895796298980713
3.28948250412941
3.2890158891677856
3.288995325565338
3.288900852203369
3.2888531386852264
3.2888528406620026
3.2888466715812683
3.2886942625045776
3.288682460784912
3.288570374250412
3.2884594798088074
3.288362443447113
3.288030654191971
3.2879484593868256
3.287793308496475
3.287747859954834
3.2879018783569336
3.2877131700515747
3.287239968776703
3.287207394838333
3.287090927362442
3.287019222974777
3.2869791090488434
3.2868783473968506
3.2868455052375793
3.2877008616924286
3.28542760014534
3.2848416566848755
3.284759610891342
3.284266233444214
3.2842856645584106
3.2842434346675873
3.2841424345970154
3.2840663492679596
3.283859819173813
3.2838174402713776
3.2837827801704407
3.2696397602558136
3.2694979310035706
3.269457697868347
3.268946200609207
3.268895775079727
3.2688827514648438
3.268781006336212
3.2683920562267303
3.268323987722397
3.2682643234729767
3.268163740634918
3.2680875062942505
3.2678791284561157
3.267790287733078
3.2676473557949066
3.2675995528697968
3.2674505412578583
3.267385095357895
3.2673420011997223
3.267252504825592
3.2672101855278015
3.264736384153366
3.264662206172943
3.2647340893745422
3.264652580022812
3.2646234333515167
3.2642334699630737
3.264188587665558
3.264156848192215
3.2639441192150116
3.263849228620529
3.263799875974655
3.2636846601963043
3.2636071145534515
3.262626588344574
3.262515038251877
3.2624581456184387
3.262380003929138
3.2623229324817657
3.2620788514614105
3.2620297372341156
3.261894553899765
3.2618548572063446
3.26194766163826
3.2618736922740936
3.2618469893932343
3.2617713510990143
3.261676013469696
3.261557638645172
3.2607081830501556
3.26064270734787
3.2605369091033936
3.2605199217796326
3.2604845464229584
3.260272592306137
3.2600690126419067
3.2600261569023132
3.259964019060135
3.2599556744098663
3.259947180747986
3.259875178337097
3.2601172626018524
3.2601608633995056
3.260096937417984
3.2597243189811707
3.2596448957920074
3.2595646381378174
3.25943261384964
3.2594133019447327
3.256208300590515
3.256183534860611
3.256086826324463
3.2561026215553284
3.2557129859924316
3.255696415901184
3.255633383989334
3.2556018233299255
3.2553898990154266
3.255321651697159
3.255224496126175
3.254979819059372
3.2549969851970673
3.254864364862442
3.2548139691352844
3.2546902298927307
3.254651755094528
3.254545271396637
3.2540664672851562
3.2540005147457123
3.253928065299988
3.253798872232437
3.253740072250366
3.2531492114067078
3.2531224191188812
3.2531224191188812
3.2531224191188812
3.2531076073646545
3.2531076073646545
3.2531076073646545
3.2531076073646545
3.2531076073646545
3.2531076073646545
3.2531076073646545
3.2531076073646545
3.253102093935013
3.2530086040496826
3.2529609203338623
3.252961426973343
3.252961426973343
3.252961426973343
3.2528770565986633
3.2527879774570465
3.2526915073394775
3.2525660693645477
3.2524950802326202
3.2523101568222046
3.2522466480731964
3.252148985862732
3.251987397670746
3.2519295513629913
3.25374773144722
3.25374773144722
3.25374773144722
3.2537536025047302
3.247813254594803
3.2477810382843018
3.2476642429828644
3.2476642429828644
3.2476642429828644
3.2476665675640106
3.2477182149887085
3.2476541101932526
3.247530162334442
3.247545063495636
3.248017281293869
3.2483169734477997
3.248223066329956
3.24823135137558
3.2481513023376465
3.2492248117923737
3.249205231666565
3.24910706281662
3.2489964067935944
3.2489832043647766
3.248893439769745
3.2488453090190887
3.2487764954566956
3.248709201812744
3.2489728927612305
3.248955011367798
3.2489542961120605
3.2488442957401276
3.2486420571804047
3.248585432767868
3.2485328018665314
3.248476803302765
3.2481833696365356
3.248173266649246
3.248073399066925
3.2480257749557495
3.248038500547409
3.2480006217956543
3.2479386031627655
3.2479501962661743
3.2479263842105865
3.2475275099277496
3.247561454772949
3.2474939227104187
3.2474683225154877
3.24747696518898
3.2473872900009155
3.2473811209201813
3.247524857521057
3.2474722266197205
3.2528220117092133
3.252787709236145
3.2526848018169403
3.2527421712875366
3.2523535192012787
3.252295583486557
3.2523841857910156
3.2522262036800385
3.2521494925022125
3.2520836889743805
3.2519598603248596
3.2518429458141327
3.252023994922638
3.2508663833141327
3.2508316040039062
3.250755876302719
3.250693619251251
3.2507899403572083
3.2508405148983
3.250785529613495
3.2507092654705048
3.250703126192093
3.2505910098552704
3.250508189201355
3.2504760026931763
3.250407576560974
3.2499478459358215
3.249858856201172
3.24978569149971
3.2497153878211975
3.249693214893341
3.2495857179164886
3.2496159374713898
3.249234825372696
3.2492191195487976
3.2491962909698486
3.2491214871406555
3.249076634645462
3.2489775121212006
3.2489257752895355
3.2489380836486816
3.248889774084091
3.2488419115543365
3.2487859427928925
3.2487095296382904
3.248777687549591
3.2485950887203217
3.2485410571098328
3.2484958171844482
3.2483446300029755
3.2482971251010895
3.2482502162456512
3.248215436935425
3.247979164123535
3.2479193210601807
3.247922569513321
3.2491998970508575
3.2491554617881775
3.2494843900203705
3.254543125629425
3.25438329577446
3.254927009344101
3.2548061907291412
3.254390686750412
3.2544752657413483
3.2543751895427704
3.254349797964096
3.254415214061737
3.254356473684311
3.2543444633483887
3.254313677549362
3.2541833221912384
3.2542673647403717
3.2505233585834503
3.2504454255104065
3.2500306963920593
3.249956429004669
3.249914973974228
3.250723749399185
3.250665634870529
3.250665634870529
3.250686287879944
3.2506207525730133
3.2505085170269012
3.2505221366882324
3.2504525184631348
3.250368982553482
3.2504741549491882
3.2506732046604156
3.2507256865501404
3.2506640553474426
3.2506256997585297
3.250596344470978
3.250564992427826
3.250427693128586
3.250396192073822
3.2503258287906647
3.2503003776073456
3.250211387872696
3.2501556277275085
3.2500973641872406
3.2500535249710083
3.2498612999916077
3.2497844099998474
3.249651163816452
3.249629497528076
3.2495816349983215
3.2501029074192047
3.249886453151703
3.2498605847358704
3.249774783849716
3.249725729227066
3.2497109174728394
3.2494956254959106
3.24946266412735
3.2493614852428436
3.2501640617847443
3.250062584877014
3.250034987926483
3.2498220205307007
3.2498295605182648
3.249805063009262
3.249742031097412
3.250580072402954
3.250581443309784
3.2506841719150543
3.2504392862319946
3.2504392862319946
3.2504392862319946
3.2504392862319946
3.2504392862319946
3.250386595726013
3.2503347992897034
3.2502911388874054
3.250270575284958
3.2500452399253845
3.249986231327057
3.249840497970581
3.2498391568660736
3.2497975528240204
3.2496789395809174
3.2496533691883087
3.2494207322597504
3.24949187040329
3.2492741644382477
3.249224215745926
3.249264717102051
3.249059557914734
3.2490037977695465
3.248932361602783
3.2487615644931793
3.248664975166321
3.2486632764339447
3.2475810050964355
3.2476060688495636
3.247515469789505
3.2475577294826508
3.2474165558815002
3.2473968863487244
3.2472054064273834
3.247172087430954
3.2469961643218994
3.2470025718212128
3.2470259368419647
3.2467929124832153
3.246768444776535
3.245188057422638
3.2452119886875153
3.245114356279373
3.244967371225357
3.244808107614517
3.2447281777858734
3.2446638345718384
3.2445918023586273
3.2437649369239807
3.2437841296195984
3.243735194206238
3.243718296289444
3.2438643872737885
3.243859201669693
3.243351072072983
3.243295729160309
3.243394374847412
3.243495613336563
3.242256075143814
3.2425480484962463
3.2423753440380096
3.242247849702835
3.2421946227550507
3.2420891523361206
3.242056578397751
3.2418007254600525
3.2418205440044403
3.241782933473587
3.2417154610157013
3.241852104663849
3.24180206656456
3.241762697696686
3.2415323555469513
3.2415307760238647
3.2415114045143127
3.2413998544216156
3.2414503693580627
3.2285439372062683
3.228504717350006
3.228485345840454
3.2286932170391083
3.228243798017502
3.2281212210655212
3.2280845940113068
3.2280910313129425
3.2278827726840973
3.227824419736862
3.2280177175998688
3.228956788778305
3.229144126176834
3.228905290365219
3.2290733754634857
3.228366404771805
3.228418231010437
3.2284156680107117
3.228352963924408
3.228359192609787
3.228483736515045
3.228503495454788
3.2285242676734924
3.228271633386612
3.228357583284378
3.2282100319862366
3.228248357772827
3.228288322687149
3.8555588722229004
3.8542522192001343
3.854163885116577
3.853829711675644
3.8538056313991547
3.8537299036979675
3.8484958708286285
3.8487061858177185
3.8484987318515778
3.848540037870407
3.8491712510585785
3.848014384508133
3.847979038953781
3.847855806350708
3.8478849828243256
3.847860187292099
3.8478192389011383
3.8477279245853424
3.8476394712924957
3.8487047851085663
3.8473038375377655
3.847227066755295
3.8471614718437195
3.847088098526001
3.847520738840103
3.8455569446086884
3.845966249704361
3.812912702560425
3.812700390815735
3.8125442266464233
3.81168270111084
3.81173038482666
3.811653196811676
3.8119823932647705
3.8117361664772034
3.811643272638321
3.81156650185585
3.8114256858825684
3.8113729655742645
3.811439096927643
3.810331344604492
3.8102455139160156
3.8102058470249176
3.8101770877838135
3.810093641281128
3.8100642263889313
3.8098861277103424
3.809830367565155
3.809814840555191
3.809733659029007
3.8095809519290924
3.8095737993717194
3.8094677329063416
3.809427112340927
3.809306651353836
3.809340387582779
3.8164526522159576
3.816536068916321
3.8180220127105713
3.818351149559021
3.818079113960266
3.8188502192497253
3.8185857832431793
3.8185037076473236
3.8181087970733643
3.8180865049362183
3.818154901266098
3.8181430399417877
3.8168492913246155
3.8168032467365265
3.8167014718055725
3.816626936197281
3.8166201412677765
3.816695511341095
3.8166963160037994
3.816709816455841
3.816635936498642
3.8165633976459503
3.8165263235569
3.816403418779373
3.81636643409729
3.8163203299045563
3.8161562383174896
3.8161478638648987
3.8161478638648987
3.8161478638648987
3.8164251148700714
3.8165181279182434
3.8153241872787476
3.8152673840522766
3.8149650394916534
3.814932554960251
3.8149329125881195
3.814855992794037
3.8151598274707794
3.8151229321956635
3.8147116601467133
3.813580632209778
3.8135597109794617
3.8135594725608826
3.813490182161331
3.8134312331676483
3.8133917450904846
3.8134130239486694
3.813158929347992
3.8131303787231445
3.881901443004608
3.8818179666996
3.8817247450351715
3.881700962781906
3.8816742599010468
3.8816365003585815
3.8807611763477325
3.8805724680423737
3.880676954984665
3.880957305431366
3.8799824714660645
3.8801904916763306
3.8795155584812164
3.8799295127391815
3.8798327147960663
3.9404468536376953
3.9415457248687744
3.9343012273311615
3.933286041021347
3.9329362213611603
3.9328254759311676
3.9327040314674377
3.9274595081806183
3.9274805188179016
3.927468925714493
3.927510678768158
3.927495777606964
3.927527666091919
3.9275758266448975
3.9275949597358704
3.92755788564682
3.9273010790348053
3.927344709634781
3.927152097225189
3.92821404337883
3.9282619059085846
3.927408754825592
3.927391290664673
3.927406996488571
3.9276614487171173
3.9269702434539795
3.926696926355362
3.9277552366256714
3.9276232719421387
3.9275940656661987
3.927789270877838
3.9254305958747864
3.9254594445228577
3.8329264521598816
3.832444816827774
3.834182530641556
3.8340221643447876
3.866130769252777
3.8661113679409027
3.865899443626404
3.86596742272377
3.828634738922119
3.828557163476944
3.8285208642482758
3.82854562997818
3.827776223421097
3.827765107154846
3.8277217149734497
3.8276581168174744
3.827491343021393
3.827513813972473
3.827466666698456
3.82738921046257
3.826611816883087
3.8264624178409576
3.82661771774292
3.8267868161201477
3.826764792203903
3.8258036971092224
3.8255748450756073
3.825589120388031
3.825713813304901
3.8577248454093933
3.857628673315048
3.857602208852768
3.8577176928520203
3.8570837676525116
3.856768935918808
3.856746941804886
3.8566916286945343
3.856717050075531
3.856621950864792
3.8566143810749054
3.8565917313098907
3.8563963174819946
3.799767851829529
3.7999028861522675
3.799844115972519
3.799157530069351
3.7994505763053894
3.800351917743683
3.7999637126922607
3.799916088581085
3.7998854219913483
3.7998854219913483
3.7998854219913483
3.799853652715683
3.799819439649582
3.7997944951057434
3.79961234331131
3.799563556909561
3.7996677458286285
3.798218071460724
3.798494517803192
3.7988578975200653
3.798947125673294
3.803856134414673
3.8038349747657776
3.875024527311325
3.874381721019745
3.8742218017578125
3.8742062151432037
3.874163120985031
3.8736440241336823
3.8737679421901703
3.870289534330368
3.8702993392944336
3.8703438341617584
3.8697392642498016
3.86956787109375
3.8694947957992554
3.869362860918045
3.869446873664856
3.8688517808914185
3.869865983724594
3.866573244333267
3.8665211498737335
3.8666749000549316
3.865958958864212
3.8659315407276154
3.865779310464859
3.8657067120075226
3.8657486736774445
3.8656890988349915
3.8656652867794037
3.865603983402252
3.8656538128852844
3.8655858635902405
3.865001916885376
3.865071624517441
3.8651521503925323
3.8649949729442596
3.8653372526168823
3.865232974290848
3.865127682685852
3.8650437891483307
3.8619645833969116
3.8619571328163147
3.8619185984134674
3.8619537353515625
3.8619374334812164
3.862045496702194
3.862121433019638
3.862014651298523
3.861539274454117
3.861471712589264
3.861393690109253
3.8614498674869537
3.8608790040016174
3.860822021961212
3.860624819993973
3.8611289858818054
3.8707873225212097
3.8675979673862457
3.867710590362549
3.8676584362983704
3.8678361773490906
3.8670331835746765
3.8672034740448
3.8671540021896362
3.8662878572940826
3.866287976503372
3.8656539022922516
3.8654082119464874
3.865405559539795
3.865365147590637
3.8575944006443024
3.857948452234268
3.8579023480415344
3.8575292825698853
3.207560181617737
3.2159472703933716
3.216332644224167
3.2175797522068024
3.223602384328842
3.2246413826942444
3.2241427898406982
3.2250035107135773
3.2268982529640198
3.2264484763145447
3.2258432507514954
3.2258414030075073
3.2267485857009888
3.22799614071846
3.2280426025390625
3.222639501094818
3.2229987382888794
3.2230501770973206
3.2222765386104584
3.222496420145035
3.2225903272628784
3.2228883802890778
3.223088890314102
3.2232042849063873
3.2230750620365143
3.2229527831077576
3.2230107188224792
3.2228220105171204
3.222842276096344
3.222750097513199
3.2226817309856415
3.2223159074783325
3.2221466302871704
3.222285270690918
3.222200036048889
3.2224753499031067
3.22208309173584
3.221946120262146
3.2219426333904266
3.2205114662647247
3.220421850681305
3.2205255329608917
3.2205055952072144
3.2206876277923584
3.220629781484604
3.2206405699253082
3.2204116880893707
3.2202271223068237
3.2185328900814056
3.218407541513443
3.2183307707309723
3.218474507331848
3.218163937330246
3.2181681394577026
3.218400776386261
3.2184735238552094
3.2183310985565186
3.218308597803116
3.2182085514068604
3.2182432115077972
3.2182419896125793
3.2181111574172974
3.2180428504943848
3.2181961834430695
3.218387484550476
3.2183654606342316
3.217947006225586
3.2179055213928223
3.217979907989502
3.217966765165329
3.2178235948085785
3.2177829146385193
3.217744380235672
3.2177560329437256
3.217804491519928
3.217816859483719
3.217649221420288
3.217866063117981
3.2177565693855286
3.2177234888076782
3.217686891555786
3.21762877702713
3.2176049649715424
3.2173874974250793
3.2174036502838135
3.2173939049243927
3.2172729074954987
3.217257559299469
3.2172670364379883
3.2172198593616486
3.2210233211517334
3.22100368142128
3.220835119485855
3.2208132147789
3.2206022143363953
3.2206941545009613
3.2206471860408783
3.220362514257431
3.220274865627289
3.220284551382065
3.220224618911743
3.2199604213237762
3.219933182001114
3.219878703355789
3.219971001148224
3.222402423620224
3.2223251163959503
3.2221167385578156
3.2221113443374634
3.222401410341263
3.2224057018756866
3.2221609950065613
3.222053974866867
3.222097635269165
3.2220658659934998
3.222194641828537
3.2220592200756073
3.2220296263694763
3.2214890122413635
3.2214061617851257
3.2213813066482544
3.2216289043426514
3.2215816974639893
3.2214881777763367
3.2214071452617645
3.221385568380356
3.2214147448539734
3.2214322984218597
3.221611797809601
3.2216926515102386
3.2216758728027344
3.221588581800461
3.2215643525123596
3.2215124666690826
3.2213096618652344
3.2212232649326324
3.221191942691803
3.2211048901081085
3.2210802137851715
3.2210524678230286
3.2209824919700623
3.2203461825847626
3.2203366458415985
3.2207609117031097
3.220629096031189
3.220541834831238
3.2205188870429993
3.2203431129455566
3.2203399538993835
3.220158666372299
3.220296174287796
3.2202555537223816
3.2201552987098694
3.2221686244010925
3.2222117483615875
3.2223604917526245
3.2223144471645355
3.2223296761512756
3.789890468120575
3.7899197041988373
3.7899329662323
3.78977233171463
3.7898842990398407
3.789955347776413
3.7899765968322754
3.7900436222553253
3.789835900068283
3.7898394763469696
3.7898025512695312
3.7897136211395264
3.7897990345954895
3.2062141597270966
3.2061811685562134
3.2061254382133484
3.206212490797043
3.206131011247635
3.2061804831027985
3.2060419619083405
3.2061767876148224
3.206191122531891
3.2061649560928345
3.2061809301376343
3.2062412798404694
3.206059515476227
3.205969959497452
3.205908328294754
3.2044903934001923
3.20441871881485
3.204401820898056
3.204039603471756
3.2040523290634155
3.2040406465530396
3.2039218842983246
3.2038028836250305
3.203860431909561
3.2038323283195496
3.2038847506046295
3.2037065625190735
3.2037316262722015
3.203452229499817
3.20341295003891
3.2034177482128143
3.203516900539398
3.201638787984848
3.201558291912079
3.201411485671997
3.2012895047664642
3.2012387812137604
3.2007564902305603
3.2007038593292236
3.2007027566432953
3.200553834438324
3.2006276845932007
3.200656980276108
3.2006843090057373
3.2006957828998566
3.2007135450839996
3.2007237672805786
3.200730949640274
3.200739800930023
3.200731039047241
3.200737327337265
3.2007258236408234
3.2007155418395996
3.2006781697273254
3.200735777616501
3.2005610167980194
3.2004979252815247
3.200403481721878
3.200153172016144
3.2001344859600067
3.200091153383255
3.2001287043094635
3.200305074453354
3.200295865535736
3.200331896543503
3.1996575593948364
3.199601888656616
3.19970703125
3.1997309625148773
3.1996398270130157
3.1993788182735443
3.199349880218506
3.199326127767563
3.1992478370666504
3.199181944131851
3.1991271376609802
3.198985368013382
3.1987606585025787
3.1987684071063995
3.198715716600418
3.1987028419971466
3.1987447142601013
3.198598027229309
3.1985714733600616
3.19854599237442
3.198476880788803
3.1984734535217285
3.1974673867225647
3.197214424610138
3.197199434041977
3.197183668613434
3.197098344564438
3.1971066296100616
3.1971552073955536
3.1974045038223267
3.1973236799240112
3.197266072034836
3.197326272726059
3.197372943162918
3.1974211037158966
3.1974272429943085
3.1975334882736206
3.1975000202655792
3.1974872648715973
3.197450131177902
3.1974327862262726
3.1974059641361237
3.1973785758018494
3.197464257478714
3.1974630653858185
3.1974617540836334
3.197444975376129
3.1974217295646667
3.197411149740219
3.197429746389389
3.19746133685112
3.197451174259186
3.19744211435318
3.197390377521515
3.197623759508133
3.198079138994217
3.198460280895233
3.1987379491329193
3.1990281641483307
3.1991051137447357
3.199142962694168
3.199072778224945
3.1989913284778595
3.1989062130451202
3.1988068521022797
3.1987531185150146
3.198686331510544
3.198131889104843
3.197982281446457
3.1978840827941895
3.1979889273643494
3.197954088449478
3.1979783177375793
3.1977395713329315
3.19744810461998
3.197389096021652
3.7897212207317352
3.7896027266979218
3.7895713448524475
3.7895182073116302
3.789342910051346
3.789307415485382
3.7893006801605225
3.7892452478408813
3.7890864312648773
3.789060741662979
3.7890055775642395
3.7889018952846527
3.788709133863449
3.7886918485164642
3.7886459827423096
3.788610339164734
3.788525938987732
3.7884787917137146
3.788359969854355
3.7883273363113403
3.7884118258953094
3.786967843770981
3.7869420051574707
3.786875933408737
3.787017285823822
3.7869203984737396
3.7868792712688446
3.786317467689514
3.7863241732120514
3.7862717509269714
3.786293864250183
3.7861834466457367
3.7861653864383698
3.786090463399887
3.786103367805481
3.786049485206604
3.7859954237937927
3.785861909389496
3.785877287387848
3.7856701612472534
3.7856115102767944
3.785480499267578
3.7854374647140503
3.7853659987449646
3.785378247499466
3.7852707505226135
3.7851110100746155
3.784870982170105
3.7848416566848755
3.7845218181610107
3.7845191061496735
3.784422069787979
3.784354120492935
3.784257262945175
3.78416508436203
3.784083217382431
3.784103125333786
3.7841379940509796
3.7841281294822693
3.783894807100296
3.783838450908661
3.7837780117988586
3.783710539340973
3.783681035041809
3.783690094947815
3.7836751341819763
3.783649265766144
3.783677965402603
3.7837149500846863
3.7837081253528595
3.7837108969688416
3.7836086750030518
3.783597767353058
3.7835038006305695
3.7819091975688934
3.7818940579891205
3.781914532184601
3.7819074988365173
3.781849592924118
3.78186696767807
3.7817923426628113
3.7817683815956116
3.7815357744693756
3.781493127346039
3.7814957201480865
3.7814918756484985
3.781464785337448
3.7814192175865173
3.7812088429927826
3.7811657190322876
3.781177043914795
3.78119495511055
3.781201332807541
3.781201720237732
3.781209260225296
3.7812401056289673
3.781162202358246
3.7813700139522552
3.7813200056552887
3.78133025765419
3.7811656296253204
3.781136929988861
3.781142085790634
3.7810515463352203
3.781076729297638
3.7810689210891724
3.7810147404670715
3.7809924483299255
3.780918449163437
3.7808939814567566
3.7808170318603516
3.7806286215782166
3.7805137932300568
3.7804694175720215
3.780438631772995
3.779424339532852
3.7794336676597595
3.779319614171982
3.779363602399826
3.7793927788734436
3.7794127762317657
3.7794370651245117
3.779439330101013
3.7794485986232758
3.779459834098816
3.779460310935974
3.77946737408638
3.7794773280620575
3.7794600129127502
3.779493898153305
3.779499053955078
3.7794896066188812
3.7794846296310425
3.77942356467247
3.779030054807663
3.778995245695114
3.7790059745311737
3.778986155986786
3.7788881361484528
3.7787910401821136
3.7788003981113434
3.7788184583187103
3.7788181006908417
3.778610020875931
3.778581380844116
3.778558760881424
3.7785651683807373
3.7785847187042236
3.7785245180130005
3.7784860134124756
3.778654605150223
3.778629779815674
3.7787046134471893
3.7720362842082977
3.772034227848053
3.772033214569092
3.7720273435115814
3.7720077335834503
3.7720078229904175
3.7720265984535217
3.772034913301468
3.7720555663108826
3.772069573402405
3.7720190584659576
3.7720375657081604
3.772050231695175
3.7720738351345062
3.7720925211906433
3.7720946669578552
3.7720987498760223
3.772136241197586
3.77181276679039
3.7717968225479126
3.771808236837387
3.7718164026737213
3.7718119025230408
3.7716785967350006
3.771630197763443
3.771673947572708
3.7715676724910736
3.771562546491623
3.771512269973755
3.771474778652191
3.771485149860382
3.7715060710906982
3.77154541015625
3.7715924084186554
3.771616816520691
3.7716407775878906
3.771638959646225
3.7716551423072815
3.7716739773750305
3.7716882526874542
3.7717076539993286
3.7717089653015137
3.771734595298767
3.7717420160770416
3.7717488408088684
3.7717589735984802
3.771766811609268
3.7717525362968445
3.771772414445877
3.7717722058296204
3.7717800438404083
3.7717962563037872
3.771799147129059
3.7718234956264496
3.771838515996933
3.7718449234962463
3.7718670070171356
3.771878093481064
3.771910220384598
3.7719181776046753
3.7719457745552063
3.7719647586345673
3.7719958126544952
3.7720263302326202
3.7720469534397125
3.772086977958679
3.772116720676422
3.7721561193466187
3.772170454263687
3.772192060947418
3.772227793931961
3.772248864173889
3.7722625732421875
3.772254556417465
3.7722944617271423
3.7723023891448975
3.7723211646080017
3.7723370492458344
3.7723622024059296
3.7723929286003113
3.7724148333072662
3.7724254727363586
3.772432178258896
3.772444486618042
3.7724680304527283
3.7724981009960175
3.7725058495998383
3.7725174725055695
3.772535055875778
3.7725512385368347
3.772591918706894
3.7725845277309418
3.772608160972595
3.7726465463638306
3.7726782858371735
3.772706091403961
3.772742360830307
3.772774875164032
3.7728024423122406
3.7728010714054108
3.7728271186351776
3.7728456258773804
3.772878021001816
3.7729097604751587
3.7729311883449554
3.7729372680187225
3.77295184135437
3.77296581864357
3.7729809284210205
3.7729941308498383
3.7730098366737366
3.7730195224285126
3.773027628660202
3.7730400562286377
3.7730489671230316
3.773060142993927
3.773086041212082
3.7730876803398132
3.773090183734894
3.7731149792671204
3.773126721382141
3.77313768863678
3.7731595039367676
3.7731763124465942
3.7731868028640747
3.773202896118164
3.7732342779636383
3.7732520699501038
3.7732551097869873
3.773256540298462
3.7732647955417633
3.7732730209827423
3.773273855447769
3.773284524679184
3.773295074701309
3.7732982337474823
3.773293673992157
3.7733049988746643
3.77330619096756
3.773315578699112
3.7733246982097626
3.773324579000473
3.7733612060546875
3.773373991250992
3.773392826318741
3.773394823074341
3.7734000980854034
3.7734007835388184
3.7734076976776123
3.773416429758072
3.7734181880950928
3.773437023162842
3.7734647691249847
3.7734738886356354
3.773485630750656
3.7734899818897247
3.773498058319092
3.77351251244545
3.7735176980495453
3.773521840572357
3.7735259234905243
3.773540735244751
3.7735546231269836
3.7735629975795746
3.773576468229294
3.7735914289951324
3.7736100256443024
3.773622214794159
3.773647964000702
3.773662358522415
3.773690938949585
3.773696482181549
3.7737328112125397
3.7737460136413574
3.773750424385071
3.773788273334503
3.773817002773285
3.7738460898399353
3.77385276556015
3.773882657289505
3.7738890647888184
3.7738929986953735
3.773902654647827
3.77391317486763
3.7739158868789673
3.7739352881908417
3.7739435136318207
3.773947834968567
3.7739551663398743
3.773965537548065
3.773992031812668
3.774026572704315
3.7740508019924164
3.7740795612335205
3.7741003930568695
3.7741169333457947
3.7741167545318604
3.7741211652755737
3.7741423547267914
3.7741581797599792
3.7741662859916687
3.7741759419441223
3.774205803871155
3.7742183804512024
3.774243861436844
3.7742591500282288
3.7742720544338226
3.7742851972579956
3.7743038833141327
3.7743054032325745
3.7743017077445984
3.7743205428123474
3.774335026741028
3.7743456065654755
3.774350941181183
3.7743692994117737
3.7743779718875885
3.7743832767009735
3.7743898034095764
3.774391293525696
3.774390548467636
3.7743968963623047
3.77438485622406
3.774380624294281
3.7743945717811584
3.7744260430336
3.774449110031128
3.7744479179382324
3.7744493186473846
3.7744506299495697
3.774459421634674
3.7744781374931335
3.774495154619217
3.774499475955963
3.774507910013199
3.774500161409378
3.7745017409324646
3.774493247270584
3.774497330188751
3.7744951248168945
3.774494171142578
3.7745018303394318
3.7745094299316406
3.7745168209075928
3.7745177149772644
3.774512380361557
3.774515599012375
3.774523437023163
3.774522066116333
3.7745260894298553
3.7745144963264465
3.774508684873581
3.774510443210602
3.7745072543621063
3.7745055556297302
3.7744991183280945
3.774503320455551
3.7745161950588226
3.774523675441742
3.774531453847885
3.7745387256145477
3.7745312452316284
3.774540960788727
3.774528920650482
3.7745223343372345
3.7745299637317657
3.7745270431041718
3.774520516395569
3.774520218372345
3.7745213210582733
3.7745152711868286
3.7745324075222015
3.774528354406357
3.7745382487773895
3.7745643854141235
3.774572789669037
3.7745777368545532
3.774580657482147
3.774599105119705
3.774602025747299
3.7745993733406067
3.7746037244796753
3.774615854024887
3.774644434452057
3.7746491134166718
3.7746618390083313
3.774678736925125
3.7746852338314056
3.774697631597519
3.774722635746002
3.7747239470481873
3.774729400873184
3.774723768234253
3.774723917245865
3.774732679128647
3.77473783493042
3.774751216173172
3.7747397422790527
3.779975324869156
3.779954195022583
3.7798825204372406
3.7797053158283234
3.7796972393989563
3.77967569231987
3.7796987891197205
3.779729425907135
3.7797585129737854
3.779784470796585
3.779789477586746
3.7798008918762207
3.779825210571289
3.779824674129486
3.779828757047653
3.7798378467559814
3.7798409163951874
3.77985018491745
3.779856711626053
3.7798717319965363
3.779884099960327
3.7799086570739746
3.779907912015915
3.7799119353294373
3.7799202501773834
3.7799280881881714
3.7799217998981476
3.779921233654022
3.779927372932434
3.7799459993839264
3.7799732983112335
3.7799815833568573
3.7799898386001587
3.779996931552887
3.780021756887436
3.7800509929656982
3.7800609171390533
3.7800683081150055
3.78010293841362
3.780122309923172
3.780120551586151
3.78013077378273
3.7801440060138702
3.7801647782325745
3.7801840603351593
3.780196338891983
3.7802120745182037
3.7802269756793976
3.7802262008190155
3.7802612483501434
3.7802815437316895
3.7803129255771637
3.7803252935409546
3.7803345024585724
3.7803390622138977
3.7803612649440765
3.7803714871406555
3.7803771793842316
3.7803934514522552
3.7803933918476105
3.780413180589676
3.7804189324378967
3.7804256975650787
3.7804288268089294
3.78043857216835
3.7804519534111023
3.780464082956314
3.780485600233078
3.7805075645446777
3.7805210947990417
3.7805293798446655
3.7805503010749817
3.7805695831775665
3.780572861433029
3.780582934617996
3.7806022465229034
3.7806116342544556
3.780643939971924
3.780664473772049
3.78070005774498
3.780734121799469
3.780760318040848
3.780781328678131
3.780809909105301
3.7808289527893066
3.780850499868393
3.7808591723442078
3.78086519241333
3.780862718820572
3.7808724343776703
3.7808854281902313
3.7808887362480164
3.7809001207351685
3.7809080481529236
3.780918776988983
3.7809423208236694
3.7809533774852753
3.7809717655181885
3.780979335308075
3.780978262424469
3.780995637178421
3.7810169458389282
3.7810372412204742
3.781035006046295
3.781040459871292
3.781050831079483
3.7810573875904083
3.7810694873332977
3.78109210729599
3.7811000049114227
3.7811262905597687
3.7811518907546997
3.781176447868347
3.781190365552902
3.7811960577964783
3.7812112867832184
3.7812266647815704
3.7812314927577972
3.7812448740005493
3.7812609672546387
3.781261622905731
3.7812729477882385
3.7812882363796234
3.781311810016632
3.7813150584697723
3.781322717666626
3.781326949596405
3.781346023082733
3.781364381313324
3.7813878059387207
3.781408727169037
3.7814192175865173
3.7814245522022247
3.7814435958862305
3.7814686596393585
3.7814802527427673
3.7814826667308807
3.7815046310424805
3.781509906053543
3.781524270772934
3.7815279960632324
3.781543791294098
3.781545966863632
3.781557649374008
3.781564325094223
3.7815605998039246
3.7815596759319305
3.7815678119659424
3.7815668880939484
3.7815688848495483
3.7815738022327423
3.7815921902656555
3.781605303287506
3.7816147208213806
3.7816130220890045
3.781617373228073
3.7816145420074463
3.7816364765167236
3.781644880771637
3.781645029783249
3.7816546857357025
3.7816589772701263
3.781658321619034
3.781658947467804
3.7816582322120667
3.781668961048126
3.7816798985004425
3.7816805243492126
3.781704902648926
3.7817099392414093
3.781707525253296
3.781713545322418
3.7817249596118927
3.781722217798233
3.781732201576233
3.7817437648773193
3.7817448675632477
3.781756043434143
3.7817589938640594
3.781760811805725
3.7817652821540833
3.781789004802704
3.7817932963371277
3.781799018383026
3.7818232774734497
3.781836688518524
3.781842738389969
3.7818689346313477
3.781869411468506
3.7818746268749237
3.7818650603294373
3.7818571627140045
3.7818614840507507
3.781865119934082
3.7818630635738373
3.7818729281425476
3.781887650489807
3.7819105088710785
3.7819048166275024
3.781905084848404
3.7819119691848755
3.7819085121154785
3.781909316778183
3.781905621290207
3.7819067239761353
3.7819100618362427
3.7819191813468933
3.7819207310676575
3.7819181382656097
3.7819197475910187
3.781913012266159
3.781911462545395
3.781910389661789
3.7819209694862366
3.7819186747074127
3.7819252610206604
3.781923621892929
3.7819263339042664
3.7819285690784454
3.7819348871707916
3.7819363176822662
3.781941682100296
3.7819500863552094
3.781950205564499
3.781944751739502
3.781945288181305
3.781953066587448
3.7819511592388153
3.7819567918777466
3.781955599784851
3.7819585502147675
3.7819606959819794
3.781953364610672
3.7819521129131317
3.781942307949066
3.78193062543869
3.7819382548332214
3.7819363474845886
3.781941920518875
3.781936287879944
3.78193199634552
3.7818833887577057
3.7822661101818085
3.7820997536182404
3.782042145729065
3.7820491790771484
3.782011955976486
3.7819573879241943
3.7819285094738007
3.7756565511226654
3.7756134271621704
3.775607794523239
3.7755727767944336
3.7755084931850433
3.775488704442978
3.7709348499774933
3.7709440886974335
3.770895630121231
3.770763337612152
3.7707256376743317
3.770750641822815
3.7707110047340393
3.770611137151718
3.7706059217453003
3.7705785930156708
3.770414710044861
3.770389825105667
3.770367294549942
3.770356684923172
3.7702501118183136
3.7702059745788574
3.7701931297779083
3.7701733112335205
3.770118087530136
3.7702062726020813
3.770457774400711
3.7704750895500183
3.770444303750992
3.770401805639267
3.7702209651470184
3.770120680332184
3.770058512687683
3.7700058221817017
3.769922137260437
3.7699100971221924
3.7698923647403717
3.7702817916870117
3.7713923156261444
3.7707948982715607
3.7701528668403625
3.772670716047287
3.772549331188202
3.7725263237953186
3.770836591720581
3.7708587050437927
3.7707843482494354
3.770743489265442
3.770715296268463
3.7706756591796875
3.770642042160034
3.7705715000629425
3.7705453634262085
3.7704524099826813
3.7704554200172424
3.7704764008522034
3.770263195037842
3.77022448182106
3.7701187133789062
3.770084798336029
3.7701145708560944
3.770052433013916
3.769984185695648
3.7699204087257385
3.7698862552642822
3.769541472196579
3.7695322036743164
3.769502878189087
3.769778400659561
3.7699007093906403
3.769831508398056
3.7697943449020386
3.7697282135486603
3.7696162462234497
3.7693598866462708
3.7693358063697815
3.769286185503006
3.769245892763138
3.7692218720912933
3.7692238092422485
3.769222170114517
3.769211173057556
3.7688410580158234
3.7688019275665283
3.768854469060898
3.7688032686710358
3.7687746584415436
3.768770396709442
3.7687021493911743
3.7686968743801117
3.768679440021515
3.768865644931793
3.7688263654708862
3.7647481858730316
3.764713406562805
3.764656722545624
3.7643486857414246
3.7642838954925537
3.7642449140548706
3.7641243636608124
3.7641173899173737
3.7640423476696014
3.7640143036842346
3.763969361782074
3.763939619064331
3.763900488615036
3.762270897626877
3.7622570991516113
3.7622113823890686
3.7621838450431824
3.7621584832668304
3.762163430452347
3.7621299624443054
3.7621395885944366
3.7621962130069733
3.762118250131607
3.7621062994003296
3.762108087539673
3.7616995573043823
3.7616897523403168
3.7616802155971527
3.7616405189037323
3.761621206998825
3.761534720659256
3.7615387439727783
3.7615326642990112
3.7614913284778595
3.7614609599113464
3.761459559202194
3.7581450045108795
3.7575779259204865
3.7575559318065643
3.757490426301956
3.7573976814746857
3.757390022277832
3.757339507341385
3.7573182284832
3.7573620975017548
3.757357358932495
3.7573169469833374
3.757313370704651
3.7572478652000427
3.7571811974048615
3.7571508288383484
3.757108688354492
3.756567597389221
3.7565517723560333
3.756515681743622
3.7564834356307983
3.7564228773117065
3.7564640641212463
3.7563616037368774
3.7563480138778687
3.7583943903446198
3.7582947611808777
3.758261114358902
3.7582566142082214
3.7582099735736847
3.75814351439476
3.758084386587143
3.757945030927658
3.7575778663158417
3.757503390312195
3.757488578557968
3.757488340139389
3.757405012845993
3.7573868334293365
3.75737202167511
3.7573019564151764
3.757328450679779
3.7527309358119965
3.7527125775814056
3.752680331468582
3.752580851316452
3.7525568306446075
3.752543479204178
3.7525344491004944
3.752475678920746
3.752406030893326
3.752328246831894
3.7523191273212433
3.752301722764969
3.7522647082805634
3.752201795578003
3.75174343585968
3.751720041036606
3.751676470041275
3.751672148704529
3.7515918612480164
3.7515692114830017
3.7514768540859222
3.7514567375183105
3.751454323530197
3.751460075378418
3.751380503177643
3.7514038383960724
3.7513392567634583
3.7513001561164856
3.7511149644851685
3.751096189022064
3.7510540187358856
3.750991612672806
3.7509975135326385
3.7509475350379944
3.750899612903595
3.7503990530967712
3.7503914535045624
3.7502722442150116
3.7502596974372864
3.7504178881645203
3.750365227460861
3.7506859600543976
3.7506825625896454
3.750620663166046
3.7505968511104584
3.7504591047763824
3.750496983528137
3.750260680913925
3.7502419352531433
3.74984410405159
3.749797821044922
3.7497746348381042
3.749729871749878
3.7496829330921173
3.7486358284950256
3.748606026172638
3.748543620109558
3.748520016670227
3.7484474778175354
3.748427599668503
3.7484183609485626
3.7484185695648193
3.7483971118927
3.748389631509781
3.748355448246002
3.7483197450637817
3.7482094168663025
3.748197168111801
3.748117744922638
3.74808207154274
3.748041480779648
3.748038172721863
3.7480242550373077
3.7479515075683594
3.7479332089424133
3.7475604116916656
3.7475318610668182
3.7475262582302094
3.7474714517593384
3.7474225759506226
3.7474087178707123
3.7472430169582367
3.747455060482025
3.747360944747925
3.747319519519806
3.7472844421863556
3.7472046613693237
3.7500616312026978
3.750035673379898
3.750069558620453
3.7497545182704926
3.7496706545352936
3.7496677935123444
3.74969145655632
3.749680757522583
3.7496728003025055
3.749689757823944
3.7496807277202606
3.7496698796749115
3.7496322691440582
3.7495862543582916
3.7494939267635345
3.749485522508621
3.7494678795337677
3.749423176050186
3.7494001984596252
3.7494029700756073
3.749358892440796
3.7493408918380737
3.7489473819732666
3.748912274837494
3.7488558888435364
3.748839318752289
3.748840868473053
3.7487548887729645
3.7486634850502014
3.7486170828342438
3.7485255897045135
3.7484845519065857
3.748460352420807
3.748442381620407
3.7482976019382477
3.748234838247299
3.7482385337352753
3.7482303082942963
3.7481937408447266
3.739837199449539
3.73977130651474
3.7397379279136658
3.739731192588806
3.7396877706050873
3.739696979522705
3.739668309688568
3.7399648129940033
3.7399602234363556
3.7399237751960754
3.739570528268814
3.739517420530319
3.7395004630088806
3.7394938468933105
3.7393869161605835
3.7393656373023987
3.7393783628940582
3.73934343457222
3.739313542842865
3.739392101764679
3.7394240498542786
3.7394117414951324
3.7394509315490723
3.739437371492386
3.739449381828308
3.7394479513168335
3.73942893743515
3.739435225725174
3.73942694067955
3.739426910877228
3.7394497394561768
3.7394727170467377
3.7394925951957703
3.7395052909851074
3.739510953426361
3.7394883036613464
3.7394902110099792
3.739480972290039
3.739458680152893
3.739535331726074
3.7394481003284454
3.73944154381752
3.7383119463920593
3.7382728457450867
3.7382952272892
3.738326132297516
3.738323360681534
3.7383247315883636
3.7383203506469727
3.738319158554077
3.7383139729499817
3.7383290827274323
3.7383266389369965
3.7383426129817963
3.7383672297000885
3.7383725941181183
3.7383715510368347
3.73836550116539
3.7383517026901245
3.7383432388305664
3.738331586122513
3.738286077976227
3.738211542367935
3.738162934780121
3.7381104230880737
3.7381296157836914
3.7381371557712555
3.7381345629692078
3.738013595342636
3.7379651367664337
3.7379161715507507
3.737839698791504
3.7378265261650085
3.7377259731292725
3.737361252307892
3.7373381555080414
3.737316846847534
3.7372741401195526
3.737197130918503
3.7371773719787598
3.7371810376644135
3.7371935844421387
3.737190902233124
3.737180382013321
3.7371419072151184
3.737095355987549
3.7371004223823547
3.737066686153412
3.736963450908661
3.736940085887909
3.736943006515503
3.736917018890381
3.7368803918361664
3.7368315160274506
3.7367937564849854
3.7367509305477142
3.7367338836193085
3.736721485853195
3.734291285276413
3.734260678291321
3.734243631362915
3.734514147043228
3.734546184539795
3.734478175640106
3.7346032559871674
3.734598398208618
3.7346942722797394
3.734764724969864
3.734749138355255
3.734715014696121
3.734876036643982
3.735923647880554
3.7358070015907288
3.735737293958664
3.735779047012329
3.7357733845710754
3.735624223947525
3.735532224178314
3.7332378327846527
3.7331515550613403
3.7331082224845886
3.733046740293503
3.7330314815044403
3.7330022156238556
3.7329679429531097
3.732920527458191
3.732904374599457
3.732885241508484
3.732676327228546
3.732636719942093
3.7325581908226013
3.732527017593384
3.732462167739868
3.7324324250221252
3.73162305355072
3.7316297590732574
3.731624484062195
3.7316061556339264
3.731576383113861
3.7315661311149597
3.7315650284290314
3.731504410505295
3.731494724750519
3.7314209043979645
3.7314011454582214
3.731374204158783
3.7313470244407654
3.7313194274902344
3.731297731399536
3.7311262786388397
3.731043428182602
3.7310488522052765
3.7310582995414734
3.7310658395290375
3.731063961982727
3.7310751378536224
3.7310746908187866
3.731076568365097
3.731069713830948
3.7310724556446075
3.7310582399368286
3.731044352054596
3.73101806640625
3.730941355228424
3.730926215648651
3.7308379113674164
3.7308254837989807
3.730814218521118
3.730812728404999
3.7307536900043488
3.7307481467723846
3.730744808912277
3.730726033449173
3.730574667453766
3.73052579164505
3.7304745614528656
3.730448007583618
3.7304373681545258
3.730402708053589
3.7301434874534607
3.730126231908798
3.730185478925705
3.7301341593265533
3.730058401823044
3.729993909597397
3.7299440801143646
3.7299686670303345
3.729946881532669
3.7311021089553833
3.7310940325260162
3.7309672832489014
3.7309508323669434
3.730880528688431
3.730855882167816
3.7308723628520966
3.7308573126792908
3.730835735797882
3.730834186077118
3.7307745814323425
3.7307533025741577
3.7306823134422302
3.7306694388389587
3.730636030435562
3.730641692876816
3.73060941696167
3.726434588432312
3.726407617330551
3.7263442277908325
3.7267282903194427
3.7259823381900787
3.725917875766754
3.7259351313114166
3.7259366512298584
3.725934088230133
3.725938528776169
3.7259201407432556
3.725854516029358
3.725856989622116
3.725854814052582
3.7258149683475494
3.7258611917495728
3.725896656513214
3.725851833820343
3.7258019149303436
3.7258132994174957
3.7257879078388214
3.725778490304947
3.7255330085754395
3.725500464439392
3.7255114912986755
3.725518137216568
3.7255094945430756
3.725473552942276
3.7257042229175568
3.725333958864212
3.7253975570201874
3.7255247235298157
3.725479006767273
3.7254213988780975
3.7259016036987305
3.7258807718753815
3.725838392972946
3.725780665874481
3.725767970085144
3.725708693265915
3.725657194852829
3.7256166338920593
3.725588172674179
3.7255764305591583
3.7256020605564117
3.7255789637565613
3.725474178791046
3.725435197353363
3.7254815995693207
3.72573184967041
3.7257478833198547
3.7257145047187805
3.725666970014572
3.7256353199481964
3.7253515422344208
3.7254826724529266
3.7255097329616547
3.725564479827881
3.7255170941352844
3.725637137889862
3.725680023431778
3.7257531881332397
3.725755989551544
3.725734680891037
3.7252774238586426
3.7251607477664948
3.7250778675079346
3.7250455915927887
3.7250279784202576
3.724968284368515
3.724842995405197
3.724774718284607
3.724221795797348
3.724181979894638
3.724172443151474
3.724055230617523
3.724036455154419
3.7240218818187714
3.7239990830421448
3.7239448726177216
3.72391214966774
3.723998934030533
3.7239124476909637
3.7238911390304565
3.7238169610500336
3.72382128238678
3.7237874567508698
3.7237513959407806
3.723694324493408
3.7236128449440002
3.723599135875702
3.7235447466373444
3.7235308587551117
3.717294365167618
3.7172931432724
3.717208296060562
3.7171122431755066
3.717101901769638
3.7171431481838226
3.717113435268402
3.71702840924263
3.7170114517211914
3.7169957756996155
3.716959983110428
3.7170469760894775
3.716894894838333
3.7168535590171814
3.716808468103409
4.429754823446274
4.429261952638626
4.429296404123306
4.42919659614563
4.4291578233242035
4.429154932498932
4.429164320230484
4.429141461849213
4.4291132390499115
4.429084956645966
4.429056733846664
4.428852379322052
4.428835242986679
4.428534716367722
4.428498566150665
4.428489059209824
4.428420126438141
4.428384929895401
4.428366780281067
4.428296715021133
4.428296715021133
4.428290456533432
4.428263276815414
4.428254663944244
4.428243488073349
4.428241729736328
4.428175359964371
4.428158819675446
4.428152114152908
4.428115338087082
4.428078055381775
4.428073197603226
4.4278596341609955
4.427803963422775
4.42775771021843
4.427753895521164
4.427450358867645
4.427458941936493
4.427468568086624
4.427463710308075
4.427466690540314
4.427463918924332
4.427440762519836
4.427172124385834
4.427165746688843
4.427165746688843
4.427165746688843
4.427166134119034
4.4271083772182465
4.4270868599414825
4.427107989788055
4.427119672298431
4.427026182413101
4.426984250545502
4.427113592624664
4.427183002233505
4.427255481481552
4.427267104387283
4.42728978395462
4.427281022071838
4.427365005016327
4.427319169044495
4.427157700061798
4.427227079868317
3.715730667114258
3.7152453660964966
3.715115934610367
3.715127557516098
5.299051344394684
5.2980596125125885
5.298554003238678
5.298832833766937
5.299069106578827
5.299504786729813
5.300163239240646
5.286523103713989
5.285606294870377
5.285829335451126
5.285835713148117
5.285134464502335
5.284849673509598
5.284981042146683
5.285352140665054
5.285063296556473
5.281930059194565
5.28281831741333
5.2830537259578705
5.2762473821640015
5.275541394948959
5.275772303342819
5.27610319852829
5.276386201381683
5.275473266839981
5.275377631187439
5.274962663650513
5.274045318365097
5.275698095560074
5.275997877120972
5.276217997074127
4.503845542669296
4.503273546695709
4.502952605485916
4.502427518367767
4.502467393875122
4.502256065607071
4.502113312482834
4.501586407423019
4.5022711753845215
4.498761773109436
4.499022752046585
4.499710977077484
4.499763458967209
4.4985740184783936
4.498186111450195
4.497897446155548
4.497920572757721
4.499137699604034
4.499031573534012
4.498936474323273
4.500279635190964
4.50013741850853
4.499077647924423
4.50005304813385
5.2032182812690735
5.203262060880661
5.203286409378052
5.202925235033035
5.202192187309265
5.202154368162155
5.202072888612747
5.201996892690659
5.201934367418289
5.202030301094055
5.2032356560230255
5.202757745981216
5.202340304851532
5.202695786952972
5.202693581581116
5.201918959617615
5.201368272304535
5.200769543647766
5.2006634175777435
5.200475454330444
5.200677245855331
5.200223535299301
5.200302362442017
5.199912756681442
5.199981212615967
5.200080186128616
5.2001645267009735
5.200038552284241
5.200139611959457
5.199958562850952
5.20004341006279
5.2000386118888855
5.20003867149353
5.195829600095749
5.195759952068329
5.195606112480164
5.195337235927582
5.195391118526459
5.195195257663727
5.195153146982193
5.1950079798698425
5.194930821657181
5.194782763719559
5.194623678922653
5.194091558456421
5.193508297204971
5.193349063396454
5.193248987197876
5.192992389202118
5.192974120378494
5.193034201860428
5.19265028834343
5.192423105239868
5.191501438617706
5.19150772690773
5.191370338201523
5.191321641206741
5.191276133060455
5.191328555345535
5.191292315721512
5.191281080245972
5.191038250923157
5.191013902425766
5.190968453884125
5.190956294536591
5.190780073404312
5.19076406955719
5.190765470266342
5.190763682126999
5.190770268440247
5.19077330827713
5.1907778680324554
5.190776377916336
5.190776199102402
5.190779328346252
5.1802962720394135
5.1802337765693665
5.180247366428375
5.180258929729462
5.180273622274399
5.1802791357040405
5.18029111623764
5.180285751819611
5.180282741785049
5.180283278226852
5.180285483598709
5.180290788412094
5.180302739143372
5.180304646492004
5.180301338434219
5.180302768945694
5.180293411016464
5.180289715528488
5.18026927113533
5.180239766836166
5.179507225751877
5.179508715867996
5.179476410150528
5.179417788982391
5.179418385028839
5.179336190223694
5.179253101348877
5.1792170107364655
5.179134637117386
5.179111510515213
5.179066091775894
5.179019808769226
5.178803354501724
5.178764194250107
5.17870557308197
5.17866724729538
5.178688138723373
5.178252696990967
5.178197801113129
5.178272157907486
5.178339421749115
5.178315073251724
5.178421705961227
5.1784408390522
5.178443878889084
5.17854180932045
5.177179753780365
5.177111476659775
5.1771882474422455
5.177045792341232
5.177008390426636
5.1767493188381195
5.176663756370544
5.176647841930389
5.176649808883667
5.176691293716431
5.176683038473129
5.174974828958511
5.174961715936661
5.174900949001312
5.174843490123749
5.174823880195618
5.175573945045471
5.174576938152313
5.1745463609695435
5.174584180116653
5.1742163002491
5.1742121279239655
5.174178808927536
5.174162179231644
5.1741480231285095
5.17407688498497
5.174040973186493
5.171736568212509
5.171697109937668
5.171564668416977
5.1715245842933655
5.171538293361664
5.171550810337067
5.171552777290344
5.171543270349503
5.171536713838577
5.171511113643646
5.171311169862747
5.171289503574371
5.171265214681625
5.171189159154892
5.171328037977219
5.1713687479496
5.171403139829636
5.171411693096161
5.171404242515564
5.171514242887497
4.509874492883682
4.509638041257858
4.427334725856781
4.427193194627762
4.427216947078705
4.427192211151123
4.4271833300590515
4.4271644949913025
4.507519096136093
4.426965087652206
4.507149785757065
4.5071790516376495
4.507232129573822
4.507290095090866
4.507303804159164
4.508823424577713
4.508699834346771
4.5088599026203156
4.506486475467682
4.50607705116272
4.50608891248703
4.506013751029968
4.506077319383621
4.506151229143143
4.506179511547089
4.5061435997486115
4.506321281194687
4.506612718105316
4.506450802087784
4.506428748369217
4.5055966675281525
4.5056231915950775
4.505428701639175
4.505479961633682
4.505508214235306
4.5051189661026
4.52016606926918
4.520039141178131
4.519846349954605
4.519940674304962
4.520007252693176
4.520010948181152
4.520085722208023
4.520069062709808
4.520024389028549
4.520143389701843
4.520151704549789
4.520151048898697
4.520016521215439
4.519986093044281
4.5199108719825745
4.519884467124939
4.519846141338348
4.519385606050491
4.51940730214119
4.519379526376724
4.519179850816727
4.518989533185959
4.518985956907272
4.518960386514664
4.522308140993118
4.5222154557704926
4.522027343511581
4.522115975618362
4.5221684873104095
4.52193808555603
4.522024393081665
4.522064507007599
4.519800931215286
4.423051297664642
4.423036485910416
4.422954231500626
4.422656983137131
4.422757863998413
4.422598958015442
4.422671526670456
4.422669559717178
4.422628581523895
4.422567814588547
4.422654896974564
4.422360002994537
4.422397553920746
4.4224241971969604
4.4217846393585205
4.421697109937668
4.421972036361694
4.423241496086121
4.4232111275196075
4.423021346330643
4.423065215349197
4.423198014497757
4.413244694471359
4.412984400987625
4.412391126155853
4.41239869594574
4.412371963262558
4.412331700325012
4.412315338850021
5.179985463619232
5.205717951059341
5.203857243061066
5.186775356531143
5.18529611825943
5.22769570350647
5.2341760993003845
5.238775014877319
5.234731078147888
5.22714826464653
5.2521999180316925
5.254282236099243
5.257218450307846
5.257606089115143
5.25715970993042
5.252883225679398
5.251691073179245
5.254107296466827
5.2569277584552765
5.258173853158951
5.258293688297272
5.258415997028351
5.259791851043701
5.261112451553345
5.259476959705353
5.260009378194809
5.257842034101486
5.256690889596939
5.258968621492386
5.259548634290695
5.259794741868973
5.257262110710144
5.256797015666962
5.251787781715393
5.2515146136283875
5.251112639904022
5.250117182731628
5.241820812225342
5.241494506597519
5.241566210985184
5.183980286121368
5.1816229820251465
5.1783899664878845
5.175846457481384
5.1734702587127686
5.155572921037674
5.15546527504921
5.155154287815094
5.15474459528923
5.153510957956314
5.153297394514084
5.153255790472031
5.153347969055176
5.152869075536728
5.152860552072525
5.149874627590179
5.149633496999741
5.149593889713287
5.149786084890366
5.149289071559906
5.148722171783447
5.148772150278091
5.148512005805969
5.150485098361969
5.150551646947861
5.149879604578018
5.149568408727646
5.148480594158173
5.148723602294922
5.149902790784836
5.14981672167778
5.149706155061722
5.149247586727142
5.164564400911331
5.163645952939987
5.163767755031586
5.163749009370804
5.1631432473659515
5.162729978561401
5.162367194890976
5.1610279977321625
5.160671234130859
5.160802960395813
5.162548184394836
5.15806782245636
5.157775700092316
5.157905071973801
5.157972693443298
5.156442433595657
5.155869781970978
5.155429482460022
5.15525084733963
5.155405819416046
5.155030906200409
5.156681656837463
5.152135193347931
5.1515072286129
5.201245844364166
5.201172292232513
5.201045274734497
5.200762510299683
5.200163811445236
5.200220853090286
5.199010729789734
5.198483049869537
5.932398825883865
5.936349272727966
5.925366908311844
5.924687147140503
5.923695862293243
5.921196401119232
5.921220183372498
5.92177340388298
5.921228617429733
5.923250138759613
5.924271136522293
5.92202690243721
5.921448528766632
5.9221649169921875
5.921643793582916
5.921330064535141
5.919611185789108
5.919312238693237
5.9188829362392426
5.917977750301361
5.91778501868248
5.917265564203262
5.917030692100525
5.9170074462890625
5.916980683803558
5.916714638471603
5.916780650615692
5.91656419634819
5.903904139995575
5.903724133968353
5.9037445187568665
5.908274590969086
5.907754570245743
5.908201098442078
5.907876968383789
5.907809257507324
5.9068580865859985
5.906813561916351
5.906826823949814
5.9068107306957245
5.906443357467651
5.906374573707581
5.9062628746032715
5.906282484531403
5.906280994415283
5.906092435121536
5.905431836843491
5.903936982154846
5.903885692358017
5.90373894572258
5.903764218091965
5.903650194406509
5.903921216726303
5.903942793607712
5.903854995965958
5.903249770402908
5.903201937675476
5.903204470872879
5.9031385481357574
5.906617730855942
5.906431198120117
5.90528404712677
5.905037760734558
5.901275038719177
5.9010156989097595
5.900696933269501
5.900789439678192
5.836011737585068
5.835416853427887
5.835198789834976
5.835479915142059
5.83517250418663
5.8315489590168
5.831415563821793
5.831520885229111
5.83082178235054
5.8308296501636505
5.830710798501968
5.8302143812179565
5.8303095400333405
5.83003556728363
5.829963952302933
5.829828202724457
5.829770237207413
5.8297513127326965
5.829646170139313
5.82942408323288
5.8292966187000275
5.829079210758209
5.829286813735962
5.827443480491638
5.826283156871796
5.825962543487549
5.8260897397994995
5.826062619686127
5.825718581676483
5.8257182240486145
5.824958711862564
5.824836045503616
5.824806123971939
5.824957251548767
5.824664294719696
5.824500799179077
5.8243838250637054
5.824278563261032
5.8240781128406525
5.8239321410655975
5.823868930339813
5.8238838613033295
5.823940575122833
5.823930889368057
5.823924243450165
5.823971152305603
5.823981314897537
5.823163032531738
5.823702096939087
5.82384780049324
5.823899537324905
5.823827743530273
5.823826998472214
5.823844760656357
5.824489414691925
5.82460030913353
5.824675798416138
5.824642986059189
5.824634522199631
5.824633538722992
5.824573427438736
5.8234798312187195
5.823128134012222
5.8236062824726105
5.813324302434921
5.813439905643463
5.813888818025589
5.814338147640228
5.814938426017761
5.815008670091629
5.815413475036621
5.815342396497726
5.815567672252655
5.815398126840591
5.815302312374115
5.815217554569244
5.815110683441162
5.815126955509186
5.815014690160751
5.814794331789017
5.8149663507938385
5.814519703388214
5.814061373472214
5.813438028097153
5.811773747205734
5.81160381436348
5.811324745416641
5.811559766530991
5.809783488512039
5.809658586978912
5.809324473142624
5.80856391787529
5.808517515659332
5.813581943511963
5.80245977640152
5.802234888076782
5.802148729562759
5.801156401634216
5.801442980766296
5.800963371992111
5.800709694623947
5.800526171922684
5.800398498773575
5.800321698188782
5.8002235889434814
5.8002623319625854
5.798665553331375
5.798658341169357
5.798544079065323
5.7987189292907715
5.798505991697311
5.798419624567032
5.798409104347229
5.798342943191528
5.7981899082660675
5.797683209180832
5.79772487282753
5.797572314739227
5.797254711389542
5.797174483537674
5.797107100486755
5.797107517719269
5.797094345092773
5.797127366065979
5.7969293892383575
5.796986162662506
5.796981692314148
5.796949714422226
5.795086920261383
5.794959992170334
5.794855296611786
5.794653117656708
5.795934170484543
5.794858992099762
5.7946769297122955
5.79526361823082
5.79534724354744
5.795282036066055
5.795214265584946
5.795206278562546
5.7951865792274475
5.793958842754364
5.794862478971481
5.786073833703995
5.785659164190292
5.785768210887909
5.785432815551758
5.785289973020554
5.785200476646423
5.784864664077759
5.784788727760315
5.784712046384811
5.785446614027023
5.785352438688278
5.78354412317276
5.783381015062332
5.783120900392532
5.7830453515052795
5.783427536487579
5.782589316368103
5.782353579998016
5.7823434472084045
5.782342612743378
5.782349646091461
5.7823492884635925
5.782424658536911
5.782437682151794
5.782417416572571
5.782431095838547
5.78233990073204
5.7832901775836945
5.7832628190517426
5.783258616924286
5.783500581979752
5.784592628479004
5.747047305107117
5.746526837348938
5.750430554151535
5.7500901222229
5.749944597482681
5.749998062849045
5.749798655509949
5.749802649021149
5.749713271856308
5.749658524990082
5.749690055847168
5.749195754528046
5.749193012714386
5.749047875404358
5.745315968990326
5.745237022638321
5.745214462280273
5.745191544294357
5.745025008916855
5.744957894086838
5.744815319776535
5.744865328073502
5.74485856294632
5.74481388926506
5.7448084354400635
5.744814604520798
5.744675546884537
5.744960069656372
5.745531618595123
5.744869709014893
5.744885683059692
5.7449919283390045
5.7451459765434265
5.744262605905533
5.744063079357147
5.743310898542404
5.743154287338257
5.7354001104831696
5.735698342323303
5.734952092170715
5.7345132529735565
5.734414249658585
5.734454303979874
5.7343708872795105
5.734413504600525
5.734421908855438
5.734436988830566
5.734450399875641
5.734486252069473
5.73451492190361
5.734518855810165
5.7345230877399445
5.734530329704285
5.734492391347885
5.73441019654274
5.734209775924683
5.734174847602844
5.736018627882004
5.735902845859528
5.73542994260788
5.735478848218918
5.735473096370697
5.735328495502472
5.735386520624161
5.7353737354278564
5.735290735960007
5.734914213418961
5.73490098118782
5.735229015350342
5.73482820391655
5.734847813844681
5.7346034944057465
5.734404891729355
5.734335660934448
5.734317034482956
5.739136189222336
5.739008009433746
5.739160448312759
5.739171653985977
5.739634573459625
5.738351404666901
5.738294631242752
5.738283038139343
5.738176137208939
5.738164037466049
5.737919628620148
5.737851530313492
5.737787842750549
5.737772613763809
5.737517446279526
5.737384796142578
5.737315654754639
5.736420452594757
5.736049920320511
5.736459642648697
5.736777365207672
5.736723870038986
5.736672669649124
5.736867517232895
5.736856549978256
5.736904412508011
5.737081915140152
5.737299472093582
5.73758789896965
5.7379209995269775
5.73842653632164
5.738560169935226
5.738608926534653
5.738392025232315
5.738314151763916
5.7382935881614685
5.738243639469147
5.738167822360992
5.738172858953476
5.738181084394455
5.738169878721237
5.731623440980911
5.73118856549263
5.731045246124268
5.7303783893585205
5.729144215583801
5.728959411382675
5.729074954986572
5.728850036859512
5.727137953042984
5.726932048797607
5.726337522268295
5.7260861694812775
5.726038068532944
5.726042628288269
5.671656608581543
5.671578586101532
5.671474933624268
5.671497821807861
5.671581745147705
5.67159903049469
5.671755075454712
5.671376138925552
5.671441912651062
5.671324253082275
5.671359211206436
5.671317785978317
5.671077281236649
5.671110033988953
5.671163827180862
5.671151787042618
5.671326845884323
5.67149943113327
5.671584397554398
5.6716636419296265
5.671662122011185
5.67157256603241
5.671370029449463
5.671007394790649
5.670696973800659
5.670771092176437
5.669335305690765
5.669044315814972
5.668939918279648
5.668532103300095
5.66850283741951
5.668480545282364
5.668389439582825
5.667739897966385
5.667756050825119
5.667767763137817
5.667788714170456
5.667771637439728
5.667694717645645
5.667677015066147
5.66768142580986
5.667560577392578
5.667470693588257
5.6673970222473145
5.667583137750626
5.667063474655151
5.667101174592972
5.665634512901306
5.6655765771865845
5.665583997964859
5.665506452322006
5.665514558553696
5.665532201528549
5.665571451187134
5.665590584278107
5.665596961975098
5.665627270936966
5.665690034627914
5.665709495544434
5.665726810693741
5.6657353937625885
5.665756016969681
5.665757179260254
5.665738195180893
5.665801227092743
5.665490537881851
5.665458381175995
5.665413200855255
5.6654322147369385
5.665464669466019
5.665478140115738
5.665485978126526
5.665504336357117
5.66546705365181
5.6654859483242035
5.665175974369049
5.665399551391602
5.66530567407608
5.6650280356407166
5.6649943590164185
5.664729416370392
5.664695709943771
5.664658695459366
5.664258241653442
5.662322103977203
5.662353485822678
5.662346422672272
5.662181347608566
5.662160038948059
5.662146627902985
5.662062883377075
5.662053406238556
5.662006616592407
5.6620030999183655
5.661831974983215
5.661790162324905
5.661740362644196
5.661758780479431
5.661831885576248
5.661815017461777
5.661834627389908
5.661856234073639
5.661862313747406
5.66276752948761
5.662015587091446
5.661910682916641
5.6618518233299255
5.66185075044632
5.661913692951202
5.661859542131424
5.661801248788834
5.661599397659302
5.661557763814926
5.661375999450684
5.661342293024063
5.6612429320812225
5.6611771285533905
5.660940438508987
5.660848766565323
5.660802751779556
5.660820513963699
5.660828500986099
5.660836070775986
5.660806447267532
5.660494297742844
5.660519003868103
5.660567224025726
5.660549759864807
5.6604514718055725
5.660468310117722
5.659987390041351
5.6599827110767365
5.659914821386337
5.659849584102631
5.659761697053909
5.659738153219223
5.659716963768005
5.659669786691666
5.659577548503876
5.665062248706818
5.665025919675827
5.664999455213547
5.664378225803375
5.66435694694519
5.664180815219879
5.664154052734375
5.664146959781647
5.6641013622283936
5.658177375793457
5.658077716827393
5.657908499240875
5.657874673604965
5.657845586538315
5.6577906012535095
5.657657235860825
5.657528758049011
5.657285928726196
5.657247096300125
5.657219380140305
5.6572858691215515
5.657269716262817
5.657294809818268
5.657160639762878
5.6559087336063385
5.655907511711121
5.655732482671738
5.655714690685272
5.655624032020569
5.655544131994247
5.655429512262344
5.655227899551392
5.654902309179306
5.654831826686859
5.654348909854889
5.6543384194374084
5.654267728328705
5.654191315174103
5.6540393233299255
5.653984755277634
5.653403341770172
5.653272777795792
5.653243005275726
5.653120517730713
5.653131872415543
5.652994245290756
5.653064608573914
5.653024107217789
5.651164710521698
5.651087403297424
5.650881350040436
5.650765389204025
5.650747090578079
5.650613307952881
5.650519013404846
5.6509721875190735
5.651019334793091
5.651008307933807
5.651172399520874
5.651194185018539
5.651191979646683
5.651220798492432
5.651167929172516
5.65067195892334
5.650445967912674
5.650223612785339
5.650181770324707
5.650186717510223
5.650467783212662
5.650125503540039
5.649165987968445
5.649092197418213
5.649116367101669
5.649131417274475
5.649123907089233
5.64908429980278
5.6490775644779205
5.649020850658417
5.6490113735198975
5.649069726467133
5.648961693048477
5.64878523349762
5.648802250623703
5.64875590801239
5.648669064044952
5.644803076982498
5.6440902054309845
5.644023567438126
5.6439169049263
5.643449902534485
5.6433281898498535
5.643217980861664
5.643243283033371
5.643265038728714
5.643221229314804
5.643078923225403
5.643070191144943
5.642737627029419
5.642547279596329
5.642563313245773
5.64253956079483
5.642667144536972
5.642526537179947
5.645745486021042
5.6892991960048676
5.83720800280571
5.734850466251373
5.768561661243439
5.7747936844825745
5.804491817951202
5.81163826584816
5.809923022985458
5.588496059179306
5.804879009723663
5.798475354909897
5.7679106295108795
5.787759006023407
5.757253736257553
5.75684928894043
5.758220195770264
5.754086375236511
5.752500921487808
5.759286791086197
5.755079656839371
5.7541767954826355
5.751644968986511
5.754669100046158
5.75648957490921
5.756817638874054
5.760310232639313
5.761642813682556
5.761662065982819
5.761829048395157
5.761687159538269
5.761920779943466
5.767569452524185
5.76869410276413
5.771797448396683
5.772412300109863
5.772795796394348
5.773275822401047
5.773790687322617
5.775022804737091
5.7753229439258575
5.771987706422806
5.770518183708191
5.768154352903366
5.77119106054306
5.769747376441956
5.768467724323273
5.74877542257309
5.746866166591644
5.742988467216492
5.740432620048523
5.739011853933334
5.73421835899353
5.733140081167221
5.732595086097717
5.732518047094345
5.732325226068497
5.730987131595612
5.7311281859874725
5.730934113264084
5.732000321149826
5.732858121395111
5.733159184455872
5.733716785907745
5.7349249720573425
5.735129535198212
5.735224336385727
5.73617085814476
5.73643097281456
5.73647341132164
5.736509025096893
5.736354112625122
5.736325532197952
5.736158043146133
5.736179202795029
5.736230671405792
5.736226797103882
5.736271500587463
5.736319422721863
5.736180007457733
5.736012667417526
5.735559344291687
5.7350814044475555
5.732217609882355
5.732565402984619
5.733621716499329
5.733876049518585
5.734669774770737
5.735629558563232
5.736063659191132
5.736837297677994
5.7376976907253265
5.737813204526901
5.737741112709045
5.737789988517761
5.737751543521881
5.737715482711792
5.7377223670482635
5.737656742334366
5.737637788057327
5.737589061260223
5.737364411354065
5.737340807914734
5.737215429544449
5.737062960863113
5.737151741981506
5.7370772659778595
5.7370544373989105
5.7352294921875
5.734608292579651
5.733558803796768
5.733710318803787
5.733013838529587
5.732438385486603
5.7381724417209625
5.738214313983917
5.737996339797974
5.739280730485916
5.745848625898361
5.744873404502869
5.744287073612213
5.742862552404404
5.743818074464798
5.744437336921692
5.7448208928108215
5.745759040117264
5.746282190084457
5.746320426464081
5.746285527944565
5.7464101910591125
5.746751427650452
5.746817409992218
5.747599631547928
5.755048602819443
5.755077213048935
5.755122244358063
5.755263179540634
5.756269812583923
5.756915807723999
5.757160574197769
5.75519073009491
5.753007113933563
5.748039066791534
5.749182343482971
5.749174535274506
5.749045550823212
5.7490962743759155
5.749015212059021
5.749039798974991
5.749034881591797
5.748546451330185
5.748193919658661
5.7438884973526
5.742970675230026
5.742462545633316
5.741852670907974
5.741786390542984
5.741877913475037
5.740531146526337
5.739863574504852
5.739729970693588
5.7422022223472595
5.74269625544548
5.746414840221405
5.728298664093018
5.7274095714092255
5.727516919374466
5.727981626987457
5.726822942495346
5.726430922746658
5.7260032296180725
5.725073486566544
5.724864274263382
5.724369436502457
5.724638134241104
5.724164128303528
5.723749548196793
5.723859041929245
5.722357004880905
5.722438544034958
5.7218898832798
5.721733808517456
5.721708238124847
5.718510687351227
5.717965722084045
5.719841927289963
6.4815813601017
6.464144915342331
6.463664799928665
6.463472664356232
6.463910758495331
6.464138001203537
6.464000999927521
6.4623667895793915
6.462906002998352
6.463308900594711
6.463560044765472
6.463617771863937
6.463878929615021
6.463793605566025
6.463816046714783
6.463840276002884
6.464048773050308
6.464274734258652
6.464595794677734
6.464777082204819
6.4650870859622955
6.465222418308258
6.465495377779007
6.465784162282944
6.465773731470108
6.466054052114487
6.466314673423767
6.466430574655533
6.466424256563187
6.466353178024292
6.46634778380394
6.4661591947078705
6.465593308210373
6.465112805366516
6.465155631303787
6.465104520320892
6.464416861534119
6.4634599685668945
6.4648793041706085
6.460706502199173
6.460516303777695
6.460195630788803
6.460375219583511
6.460254192352295
6.459665149450302
6.458993434906006
6.459050357341766
6.447306931018829
6.4473724365234375
6.44681915640831
6.446597993373871
6.445786714553833
6.447198837995529
6.447207719087601
6.44765904545784
6.445685476064682
6.444572925567627
6.444378763437271
6.443755805492401
6.443629205226898
6.443791300058365
6.443854659795761
6.441988527774811
6.440913081169128
6.4413981437683105
6.44118270277977
6.441201090812683
6.441243022680283
6.439332604408264
6.438986957073212
6.439452886581421
6.437991410493851
6.43776747584343
6.368120431900024
6.36687970161438
6.366985857486725
6.3666965663433075
6.366880297660828
